x(01,01,02,01) : 1.0
x(01,02,04,01) : 1.0
x(01,03,06,00) : 1
x(01,04,09,00) : 1
x(01,05,06,01) : 1.0
x(01,06,10,00) : 1
x(01,07,04,00) : 1.0
x(01,08,03,01) : 1
x(01,09,07,01) : 1.0
x(01,10,03,00) : 1.0
x(01,11,07,00) : 1.0
x(01,12,10,01) : 1.0
x(01,13,08,01) : 1.0
x(01,14,05,00) : 1.0
x(01,15,09,01) : 1.0
x(01,16,05,01) : 1
x(01,17,02,00) : 1.0
x(01,18,08,00) : 1.0
x(02,01,01,00) : 1.0
x(02,02,09,00) : 1
x(02,03,07,01) : 1.0
x(02,04,10,01) : 1.0
x(02,05,03,00) : 1.0
x(02,06,04,00) : 1
x(02,07,05,01) : 1
x(02,08,04,01) : 1.0
x(02,09,10,00) : 1.0
x(02,10,08,00) : 1
x(02,11,03,01) : 1.0
x(02,12,08,01) : 1.0
x(02,13,05,00) : 1
x(02,14,06,01) : 1.0
x(02,15,07,00) : 1.0
x(02,16,06,00) : 1.0
x(02,17,01,01) : 1.0
x(02,18,09,01) : 1
x(03,01,04,01) : 1.0
x(03,02,08,01) : 1
x(03,03,10,00) : 1
x(03,04,07,00) : 1.0
x(03,05,02,01) : 1.0
x(03,06,09,01) : 1.0
x(03,07,06,00) : 1.0
x(03,08,01,00) : 1
x(03,09,06,01) : 1.0
x(03,10,01,01) : 1.0
x(03,11,02,00) : 1.0
x(03,12,09,00) : 1
x(03,13,07,01) : 1.0
x(03,14,08,00) : 1.0
x(03,15,05,01) : 1
x(03,16,10,01) : 1.0
x(03,17,05,00) : 1.0
x(03,18,04,00) : 1.0
x(04,01,03,00) : 1.0
x(04,02,01,00) : 1.0
x(04,03,05,01) : 1.0
x(04,04,08,00) : 1.0
x(04,05,05,00) : 1
x(04,06,02,01) : 1
x(04,07,01,01) : 1.0
x(04,08,02,00) : 1.0
x(04,09,09,00) : 1.0
x(04,10,06,01) : 1.0
x(04,11,10,01) : 1.0
x(04,12,06,00) : 1.0
x(04,13,10,00) : 1.0
x(04,14,07,01) : 1.0
x(04,15,08,01) : 1
x(04,16,07,00) : 1.0
x(04,17,09,01) : 1.0
x(04,18,03,01) : 1.0
x(05,01,06,01) : 1.0
x(05,02,10,01) : 1
x(05,03,04,00) : 1.0
x(05,04,06,00) : 1
x(05,05,04,01) : 1
x(05,06,07,01) : 1
x(05,07,02,00) : 1
x(05,08,09,00) : 1
x(05,09,08,01) : 1
x(05,10,09,01) : 1
x(05,11,08,00) : 1
x(05,12,07,00) : 1.0
x(05,13,02,01) : 1
x(05,14,01,01) : 1.0
x(05,15,03,00) : 1
x(05,16,01,00) : 1
x(05,17,03,01) : 1.0
x(05,18,10,00) : 1
x(06,01,05,00) : 1.0
x(06,02,07,00) : 1.0
x(06,03,01,01) : 1
x(06,04,05,01) : 1
x(06,05,01,00) : 1.0
x(06,06,08,00) : 1.0
x(06,07,03,01) : 1.0
x(06,08,08,01) : 1.0
x(06,09,03,00) : 1.0
x(06,10,04,00) : 1.0
x(06,11,09,01) : 1
x(06,12,04,01) : 1.0
x(06,13,09,00) : 1.0
x(06,14,02,00) : 1.0
x(06,15,10,01) : 1.0
x(06,16,02,01) : 1.0
x(06,17,10,00) : 1.0
x(06,18,07,01) : 1
x(07,01,08,01) : 1.0
x(07,02,06,01) : 1.0
x(07,03,02,00) : 1.0
x(07,04,03,01) : 1.0
x(07,05,09,00) : 1.0
x(07,06,05,00) : 1
x(07,07,09,01) : 1.0
x(07,08,10,01) : 1
x(07,09,01,00) : 1.0
x(07,10,10,00) : 1.0
x(07,11,01,01) : 1.0
x(07,12,05,01) : 1.0
x(07,13,03,00) : 1.0
x(07,14,04,00) : 1.0
x(07,15,02,01) : 1.0
x(07,16,04,01) : 1.0
x(07,17,08,00) : 1.0
x(07,18,06,00) : 1
x(08,01,07,00) : 1.0
x(08,02,03,00) : 1
x(08,03,09,01) : 1
x(08,04,04,01) : 1.0
x(08,05,10,00) : 1
x(08,06,06,01) : 1.0
x(08,07,10,01) : 1
x(08,08,06,00) : 1.0
x(08,09,05,00) : 1
x(08,10,02,01) : 1
x(08,11,05,01) : 1
x(08,12,02,00) : 1.0
x(08,13,01,00) : 1.0
x(08,14,03,01) : 1.0
x(08,15,04,00) : 1
x(08,16,09,00) : 1.0
x(08,17,07,01) : 1.0
x(08,18,01,01) : 1.0
x(09,01,10,01) : 1.0
x(09,02,02,01) : 1
x(09,03,08,00) : 1
x(09,04,01,01) : 1
x(09,05,07,01) : 1.0
x(09,06,03,00) : 1.0
x(09,07,07,00) : 1.0
x(09,08,05,01) : 1
x(09,09,04,01) : 1.0
x(09,10,05,00) : 1
x(09,11,06,00) : 1
x(09,12,03,01) : 1
x(09,13,06,01) : 1.0
x(09,14,10,00) : 1
x(09,15,01,00) : 1.0
x(09,16,08,01) : 1.0
x(09,17,04,00) : 1.0
x(09,18,02,00) : 1
x(10,01,09,00) : 1.0
x(10,02,05,00) : 1
x(10,03,03,01) : 1
x(10,04,02,00) : 1.0
x(10,05,08,01) : 1
x(10,06,01,01) : 1
x(10,07,08,00) : 1
x(10,08,07,00) : 1
x(10,09,02,01) : 1.0
x(10,10,07,01) : 1.0
x(10,11,04,00) : 1.0
x(10,12,01,00) : 1.0
x(10,13,04,01) : 1.0
x(10,14,09,01) : 1
x(10,15,06,00) : 1.0
x(10,16,03,00) : 1.0
x(10,17,06,01) : 1.0
x(10,18,05,01) : 1
z(01,01,01) : 1.0
z(01,03,00) : 1
z(01,06,00) : 1.0
z(01,08,01) : 1.0
z(01,10,00) : 1.0
z(01,12,01) : 1.0
z(01,15,01) : 1.0
z(01,17,00) : 1.0
z(02,01,00) : 1
z(02,03,01) : 1.0
z(02,05,00) : 1
z(02,07,01) : 1
z(02,09,00) : 1.0
z(02,11,01) : 1.0
z(02,15,00) : 1.0
z(02,17,01) : 1
z(03,01,01) : 1
z(03,03,00) : 1.0
z(03,05,01) : 1.0
z(03,07,00) : 1
z(03,09,01) : 1.0
z(03,11,00) : 1
z(03,15,01) : 1.0
z(03,17,00) : 1.0
z(04,01,00) : 1.0
z(04,04,00) : 1.0
z(04,06,01) : 1
z(04,08,00) : 1.0
z(04,10,01) : 1.0
z(04,12,00) : 1.0
z(04,14,01) : 1.0
z(04,17,01) : 1.0
z(05,01,01) : 1
z(05,03,00) : 1.0
z(05,05,01) : 1
z(05,07,00) : 1
z(05,09,01) : 1
z(05,11,00) : 1
z(05,13,01) : 1.0
z(05,15,00) : 1
z(06,01,00) : 1.0
z(06,03,01) : 1.0
z(06,05,00) : 1.0
z(06,07,01) : 1.0
z(06,09,00) : 1.0
z(06,11,01) : 1.0
z(06,13,00) : 1.0
z(06,15,01) : 1.0
z(07,01,01) : 1.0
z(07,05,00) : 1.0
z(07,07,01) : 1
z(07,09,00) : 1.0
z(07,11,01) : 1.0
z(07,13,00) : 1.0
z(07,15,01) : 1.0
z(07,17,00) : 1
z(08,01,00) : 1
z(08,03,01) : 1.0
z(08,06,01) : 1
z(08,08,00) : 1
z(08,10,01) : 1
z(08,12,00) : 1.0
z(08,15,00) : 1
z(08,17,01) : 1.0
z(09,01,01) : 1
z(09,04,01) : 1.0
z(09,06,00) : 1.0
z(09,08,01) : 1
z(09,10,00) : 1.0
z(09,12,01) : 1
z(09,14,00) : 1.0
z(09,17,00) : 1.0
z(10,01,00) : 1
z(10,05,01) : 1.0
z(10,07,00) : 1
z(10,09,01) : 1.0
z(10,11,00) : 1.0
z(10,13,01) : 1.0
z(10,15,00) : 1
z(10,17,01) : 1.0
最適値:80.0
267.02436113357544秒
