x(01,01,02,01) : 1.0
x(01,02,14,01) : 1.0
x(01,03,06,00) : 4.04343225568482e-13
x(01,03,08,00) : 1.000000000000558
x(01,03,16,00) : -8.832968579826302e-13
x(01,04,02,00) : 0.9999999999997712
x(01,04,03,01) : -1.0458300891968975e-13
x(01,04,06,00) : 2.0405899192610377e-13
x(01,04,13,01) : 1.912171169593407e-13
x(01,05,04,01) : -1.1479706074624119e-13
x(01,05,07,01) : 1.1479706074624119e-13
x(01,05,12,01) : 1.0
x(01,06,09,00) : 1.0
x(01,07,05,01) : 0.9999999999996867
x(01,07,12,01) : 3.134159093741501e-13
x(01,08,05,00) : -4.731770530952417e-13
x(01,08,09,01) : 1.0
x(01,08,16,00) : 5.631051180898794e-13
x(01,09,02,00) : -4.5075054799781356e-13
x(01,09,05,00) : 1.0000000000004508
x(01,10,07,01) : 3.134159093741501e-13
x(01,10,11,00) : -1.6167900815369823e-13
x(01,10,12,01) : -3.134159093741501e-13
x(01,10,13,00) : -1.5853984791647235e-13
x(01,10,14,00) : 1.0000000000003202
x(01,11,03,01) : 1.0000000000001046
x(01,11,13,01) : 3.2451819009793326e-13
x(01,11,15,01) : -4.29101199017623e-13
x(01,12,04,01) : 1.0
x(01,13,07,00) : -5.138112157965224e-13
x(01,13,11,00) : 1.0000000000004414
x(01,13,13,00) : -2.4291679778798425e-13
x(01,13,15,00) : 3.1530333899354446e-13
x(01,14,05,00) : -2.229056671673117e-13
x(01,14,10,00) : -1.7852386235972517e-13
x(01,14,13,00) : 1.0000000000004015
x(01,15,05,01) : -1.3145040611561853e-13
x(01,15,13,01) : -4.014295295270369e-13
x(01,15,15,01) : 1.000000000000533
x(01,16,04,01) : -3.114175584073564e-13
x(01,16,05,01) : 2.4014124022642136e-13
x(01,16,08,01) : 1.0458816798329113e-13
x(01,16,10,01) : 1.0000000000000713
x(01,16,15,01) : -1.0391687510491465e-13
x(01,17,11,00) : -6.823430709346212e-13
x(01,17,15,00) : 1.0000000000006823
x(01,18,14,00) : -3.2019173989275085e-13
x(01,18,16,00) : 1.0000000000003202
x(01,19,07,01) : 1.0
x(01,20,13,01) : 0.9999999999999755
x(01,21,06,00) : -1.2112533198660458e-13
x(01,21,07,00) : 1.0000000000007672
x(01,21,15,00) : -6.459277557269161e-13
x(01,22,02,00) : -2.62234678416462e-13
x(01,22,04,00) : 1.000000000000079
x(01,22,05,01) : 2.660094367001875e-13
x(01,22,10,00) : 1.8318679906315083e-13
x(01,22,10,01) : -2.660094367001875e-13
x(01,23,08,00) : 3.5140442346283107e-13
x(01,23,11,01) : 1.0
x(01,23,15,00) : -3.5140442346283107e-13
x(01,24,04,01) : 6.040326368476399e-13
x(01,24,06,01) : -2.755421272699709e-13
x(01,24,07,01) : -3.446132268436486e-13
x(01,24,08,01) : -4.010990953881542e-13
x(01,24,16,01) : 1.0000000000004172
x(01,25,03,00) : 0.9999999999997545
x(01,25,05,00) : 2.454703107446221e-13
x(01,26,02,00) : 9.417777083806054e-13
x(01,26,03,00) : 2.454703107446221e-13
x(01,26,07,00) : -2.533528942194607e-13
x(01,26,08,00) : -9.093836794704657e-13
x(01,26,08,01) : 2.9651608646846447e-13
x(01,26,10,00) : 0.9999999999995083
x(01,26,11,00) : 5.005704282759018e-13
x(01,27,06,01) : 1.0000000000002756
x(01,27,10,01) : 1.4166445794216997e-13
x(01,27,16,01) : -4.1722181265413383e-13
x(01,28,08,01) : 1.0
x(01,29,06,00) : 0.9999999999995128
x(01,29,10,00) : 4.871658632055187e-13
x(01,30,12,00) : 1.0
x(02,01,01,00) : 1.0
x(02,02,03,00) : 1.765254609153999e-13
x(02,02,10,01) : -1.6807388814044089e-13
x(02,02,11,00) : -3.5127456499139953e-13
x(02,02,13,00) : 1.000000000000718
x(02,02,15,00) : -3.752553823233029e-13
x(02,03,06,01) : 2.786659791809143e-13
x(02,03,07,00) : 5.826450433232822e-13
x(02,03,09,01) : -6.795675133730583e-13
x(02,03,14,00) : -3.442204906404043e-13
x(02,03,15,01) : 1.0000000000003753
x(02,03,16,00) : -1.6807388814044089e-13
x(02,04,01,01) : 0.9999999999997712
x(02,04,03,01) : 4.685141163918161e-13
x(02,04,07,00) : -4.421651185893111e-13
x(02,04,12,01) : -1.7538559541825848e-13
x(02,04,13,00) : 4.519350812060125e-13
x(02,04,14,00) : -3.0106284180582623e-13
x(02,04,16,00) : 3.836930773104541e-13
x(02,05,07,01) : -1.1479706074624119e-13
x(02,05,08,00) : 1.9695356456850277e-13
x(02,05,13,00) : -1.1700273335335636e-12
x(02,05,15,00) : 1.0000000000009013
x(02,06,03,00) : 0.9999999999999738
x(02,07,10,01) : 1.0
x(02,08,03,01) : 0.9999999999995315
x(02,08,05,01) : -3.82804898890754e-13
x(02,08,06,00) : -3.241851231905457e-13
x(02,08,09,01) : 6.094323658155068e-13
x(02,08,16,01) : 5.42788036739239e-13
x(02,09,01,01) : -4.5075054799781356e-13
x(02,09,06,00) : -1.5121232547641473e-13
x(02,09,10,00) : 1.0000000000002995
x(02,09,11,00) : 1.6167900815369823e-13
x(02,10,07,01) : -3.4139352959470405e-13
x(02,10,08,01) : 1.0000000000009177
x(02,10,14,01) : -1.6120438317557273e-13
x(02,10,15,01) : -4.578559753554146e-13
x(02,11,05,00) : 3.2573943542502093e-13
x(02,11,08,00) : -3.255173908200959e-13
x(02,11,15,01) : 1.0880185641326534e-13
x(02,11,16,00) : 0.9999999999996865
x(02,12,06,00) : 1.5787371410169726e-13
x(02,12,11,00) : 0.9999999999997014
x(02,12,14,00) : 2.986499936241671e-13
x(02,12,15,00) : -1.5787371410169726e-13
x(02,13,06,01) : -6.998845947236987e-13
x(02,13,14,01) : -5.832001548355947e-13
x(02,13,16,01) : 1.000000000001283
x(02,14,05,01) : 1.0000000000003828
x(02,14,06,01) : -1.3928858066947214e-12
x(02,14,11,01) : 1.0100809078039674e-12
x(02,15,04,00) : 1.0
x(02,16,12,00) : 1.0
x(02,17,06,01) : 1.0000000000016418
x(02,17,16,01) : -1.6417978088156815e-12
x(02,18,10,00) : -1.6209256159527285e-13
x(02,18,12,01) : 1.0
x(02,18,16,00) : 1.6209256159527285e-13
x(02,19,06,00) : 1.0000000000000995
x(02,19,10,00) : -1.3744561044859438e-13
x(02,19,10,01) : 1.6807388814044089e-13
x(02,19,14,00) : -1.3922196728799463e-13
x(02,20,07,00) : 1.0
x(02,21,04,01) : 1.0
x(02,21,07,00) : -1.1468603844377867e-13
x(02,21,07,01) : 1.1468603844377867e-13
x(02,21,15,00) : 1.1468603844377867e-13
x(02,21,16,01) : -1.1468603844377867e-13
x(02,22,01,01) : -2.62234678416462e-13
x(02,22,08,01) : 2.1795561590288725e-13
x(02,22,09,01) : 1.0000000000000702
x(02,23,06,01) : 1.723066134218243e-13
x(02,23,08,00) : 0.9999999999997821
x(02,24,05,00) : 0.9999999999997821
x(02,24,08,00) : 2.1795561590288725e-13
x(02,25,05,00) : -2.1795561590288725e-13
x(02,25,06,00) : 2.1795561590288725e-13
x(02,25,08,01) : -7.442935157087049e-13
x(02,25,14,01) : 1.0000000000007443
x(02,26,01,01) : 9.417777083806054e-13
x(02,26,08,01) : -2.9651608646846447e-13
x(02,26,11,01) : 0.9999999999991793
x(02,26,12,01) : 1.7538559541825848e-13
x(02,27,14,00) : 1.0
x(02,28,09,00) : 1.0
x(02,29,07,01) : 1.0000000000001448
x(02,29,13,01) : -1.4477308241112041e-13
x(02,29,14,00) : 4.776179451937423e-13
x(02,29,15,00) : -4.776179451937423e-13
x(02,30,11,01) : -1.27675647831893e-13
x(02,30,13,01) : 1.0000000000001277
x(03,01,04,01) : 1.0
x(03,02,02,01) : 1.765254609153999e-13
x(03,02,10,01) : 1.0
x(03,03,04,00) : 1.000000000000369
x(03,03,08,00) : -1.7474910407599964e-13
x(03,03,11,00) : -1.9425989578182116e-13
x(03,04,01,00) : -1.0458300891968975e-13
x(03,04,02,00) : 4.685141163918161e-13
x(03,04,04,00) : -3.689873803328478e-13
x(03,04,06,00) : 0.9999999999999682
x(03,05,10,01) : 2.453592884421596e-13
x(03,05,14,01) : -4.3454129183828627e-13
x(03,05,16,01) : 1.0000000000001892
x(03,06,02,01) : 0.9999999999999738
x(03,07,06,00) : 1.7108531761720503e-13
x(03,07,14,00) : -3.9312992254223634e-13
x(03,07,16,00) : 1.000000000000222
x(03,08,02,00) : 0.9999999999995315
x(03,08,08,00) : 5.443423489737143e-13
x(03,08,12,00) : 1.461872104596807e-13
x(03,08,16,00) : -2.220446049250313e-13
x(03,09,06,01) : 1.0000000000003189
x(03,09,16,01) : -3.189590944790319e-13
x(03,10,15,01) : 0.9999999999998807
x(03,10,16,01) : 1.1934897514720433e-13
x(03,11,01,00) : 1.0000000000001046
x(03,11,05,00) : -1.0458300891968975e-13
x(03,12,05,00) : 1.0000000000001046
x(03,12,11,00) : 1.942890293094024e-13
x(03,12,14,00) : -2.986499936241671e-13
x(03,13,08,01) : -5.928590951498336e-13
x(03,13,14,01) : 1.0000000000005929
x(03,14,07,01) : 1.0
x(03,14,09,01) : -1.092459456231154e-13
x(03,14,14,01) : 1.0946799022804043e-13
x(03,15,08,00) : 0.9999999999994934
x(03,15,14,00) : 6.111791307835002e-13
x(03,15,15,00) : -1.0458300891968975e-13
x(03,16,12,00) : -1.0458300891968975e-13
x(03,16,15,00) : 1.0000000000001046
x(03,17,06,01) : -1.6679990721968352e-12
x(03,17,08,01) : 9.625633623500107e-13
x(03,17,12,01) : 1.00000000000081
x(03,17,15,01) : -1.0458300891968975e-13
x(03,18,05,01) : 1.0
x(03,19,06,00) : -1.3922196728799463e-13
x(03,19,14,00) : 1.0000000000001392
x(03,20,11,00) : 1.0
x(03,21,06,01) : 1.3334888748772755e-12
x(03,21,08,01) : 0.9999999999996303
x(03,21,12,01) : -1.0943468353730168e-12
x(03,22,11,01) : 1.0
x(03,23,12,00) : 0.9999999999999611
x(03,23,14,01) : -2.2359891715950653e-13
x(03,24,07,00) : 1.0000000000000098
x(03,25,01,01) : 0.9999999999997545
x(03,25,12,01) : 2.454564329568143e-13
x(03,26,01,01) : 2.454703107446221e-13
x(03,26,10,01) : -2.454703107446221e-13
x(03,26,13,01) : 1.0
x(03,27,09,00) : 1.0
x(03,28,13,00) : 1.0
x(03,29,09,01) : 1.0000000000002014
x(03,29,14,01) : -2.013944566670034e-13
x(03,30,10,00) : 1.0
x(04,01,03,00) : 1.0
x(04,02,06,01) : -2.2148949341271873e-13
x(04,02,07,01) : 2.2148949341271873e-13
x(04,02,10,01) : 1.766364832178624e-13
x(04,02,13,00) : -9.833245329105011e-13
x(04,02,15,00) : 1.0000000000008067
x(04,03,03,01) : 1.000000000000369
x(04,03,06,01) : -2.786659791809143e-13
x(04,03,10,01) : -1.766364832178624e-13
x(04,03,13,01) : 1.9129142714291447e-13
x(04,04,03,01) : -3.689873803328478e-13
x(04,04,08,01) : 4.930575309408599e-13
x(04,04,09,01) : -1.0936445363040584e-13
x(04,04,13,01) : 0.9999999999998087
x(04,05,01,00) : -1.1479706074624119e-13
x(04,05,05,00) : -8.877343304902752e-13
x(04,05,07,00) : -7.893685705084863e-13
x(04,05,11,00) : 1.0000000000015907
x(04,05,13,00) : 1.9129142714291447e-13
x(04,06,10,00) : 1.0
x(04,07,09,01) : 1.0
x(04,08,09,00) : 1.8607337892717624e-13
x(04,08,14,00) : 1.0000000000001685
x(04,08,14,01) : -1.6860316658965346e-13
x(04,08,16,01) : -1.8607337892717624e-13
x(04,09,09,00) : 1.0
x(04,10,06,01) : 1.0000000000003817
x(04,10,08,01) : -3.816946758661288e-13
x(04,11,07,01) : 1.0
x(04,12,01,00) : 1.0
x(04,12,08,01) : -2.807436822698556e-13
x(04,12,16,01) : 2.807436822698556e-13
x(04,13,07,00) : 1.0000000000007894
x(04,13,08,00) : -2.1656975861767845e-13
x(04,13,13,00) : -5.728750807065808e-13
x(04,14,05,00) : 2.2293278334473143e-13
x(04,14,05,01) : -1.0936445363040584e-13
x(04,14,09,00) : -2.2293278334473143e-13
x(04,14,09,01) : 1.0936445363040584e-13
x(04,14,12,01) : 1.0
x(04,15,02,01) : 1.0
x(04,16,01,00) : -3.114175584073564e-13
x(04,16,06,00) : 0.9999999999999123
x(04,16,08,00) : 6.52145004664817e-13
x(04,16,16,00) : -2.531308496145357e-13
x(04,17,11,00) : -1.3649081864741675e-12
x(04,17,13,00) : 1.000000000001365
x(04,18,08,01) : 1.0
x(04,18,11,01) : 2.5712765250318625e-13
x(04,18,12,01) : -2.5712765250318625e-13
x(04,19,06,01) : 1.0724754417879012e-13
x(04,19,11,01) : 0.9999999999998928
x(04,20,07,01) : -2.2148949341271873e-13
x(04,20,12,00) : 1.0
x(04,20,14,01) : 2.2148949341271873e-13
x(04,21,02,00) : 1.0
x(04,22,01,01) : 1.000000000000079
x(04,22,05,01) : -3.4505731605349865e-13
x(04,22,06,00) : 3.055333763768431e-13
x(04,22,10,01) : 2.660094367001875e-13
x(04,22,15,00) : -3.055333763768431e-13
x(04,23,10,01) : 0.999999999999734
x(04,23,12,01) : 2.660094367001875e-13
x(04,24,01,00) : 6.040326368476399e-13
x(04,24,08,00) : 0.9999999999995646
x(04,24,14,00) : -1.6860316658965346e-13
x(04,25,06,00) : -1.723066134218243e-13
x(04,25,16,00) : 1.0000000000001723
x(04,26,15,01) : 1.0
x(04,27,16,01) : 1.0
x(04,28,05,00) : 1.000000000000646
x(04,28,11,00) : -1.4477308241112041e-13
x(04,28,15,00) : -5.011546733157957e-13
x(04,29,05,01) : 4.383160501220118e-13
x(04,29,11,01) : -1.6209256159527285e-13
x(04,29,14,01) : 0.9999999999997238
x(04,30,05,01) : 1.0
x(05,01,06,01) : 1.0
x(05,02,10,01) : -3.084199562408685e-13
x(05,02,12,01) : 1.0000000000003084
x(05,03,08,00) : -5.598854713184664e-13
x(05,03,10,00) : -5.693223670277803e-13
x(05,03,14,00) : 1.0000000000013667
x(05,03,16,00) : -2.372817765398157e-13
x(05,04,08,00) : -1.0936445363040584e-13
x(05,04,12,00) : 1.0
x(05,04,16,00) : 1.0936445363040584e-13
x(05,05,04,01) : -8.877343304902752e-13
x(05,05,10,01) : -6.022959908591474e-13
x(05,05,11,00) : -1.9717560917342775e-13
x(05,05,11,01) : 1.9728663147589032e-13
x(05,05,13,00) : 1.5409895581797168e-13
x(05,05,14,01) : 1.0000000000013358
x(05,06,08,01) : 1.0
x(05,07,01,00) : 0.9999999999996867
x(05,07,07,00) : 1.1612927789825979e-13
x(05,07,11,00) : 1.971756091734278e-13
x(05,08,01,01) : -4.731770530952417e-13
x(05,08,02,00) : -3.82804898890754e-13
x(05,08,07,00) : 1.0000000000005005
x(05,08,09,00) : -1.8607337892717624e-13
x(05,08,10,01) : 5.417888360170764e-13
x(05,09,01,01) : 1.0000000000004508
x(05,09,10,00) : -2.9953817204386723e-13
x(05,09,10,01) : -1.5110270937883523e-13
x(05,09,11,01) : -2.6278978992877455e-13
x(05,09,13,00) : 2.6278978992877455e-13
x(05,10,07,00) : -1.9528823003156504e-13
x(05,10,10,00) : 1.000000000000536
x(05,10,16,00) : -3.835820550079916e-13
x(05,11,02,01) : 3.2573943542502093e-13
x(05,11,03,01) : -1.0458300891968975e-13
x(05,11,10,00) : -1.5110270937883523e-13
x(05,11,10,01) : -3.8491296691019034e-13
x(05,11,13,01) : 1.0000000000003149
x(05,12,03,01) : 1.0000000000001046
x(05,12,13,01) : -1.0458300891968975e-13
x(05,13,07,00) : -1.2434497875801753e-13
x(05,13,10,00) : 7.323031070427533e-13
x(05,13,14,01) : -1.5121237595394632e-13
x(05,13,15,00) : 0.9999999999995433
x(05,14,01,01) : -2.229056671673117e-13
x(05,14,02,00) : 1.0000000000003828
x(05,14,04,00) : -1.0936445363040584e-13
x(05,14,04,01) : 2.2293278334473143e-13
x(05,14,09,00) : 1.8607337892717624e-13
x(05,14,13,00) : -4.014295295270369e-13
x(05,15,01,00) : -1.3145040611561853e-13
x(05,15,11,01) : 0.9999999999998932
x(05,15,15,00) : 1.0458300891968975e-13
x(05,16,01,00) : 2.4014124022642136e-13
x(05,16,08,00) : -2.4014124022642136e-13
x(05,16,16,01) : 1.0
x(05,17,09,00) : 1.0
x(05,18,03,00) : 1.0
x(05,19,09,01) : 1.0
x(05,20,07,01) : 2.2148949341271873e-13
x(05,20,10,01) : 1.0
x(05,20,13,01) : -2.1027624086400465e-13
x(05,21,11,00) : 1.0
x(05,22,01,00) : 2.660094367001875e-13
x(05,22,04,00) : -3.4505731605349865e-13
x(05,22,06,00) : 0.9999999999995814
x(05,22,16,00) : 4.976019596369952e-13
x(05,23,07,00) : -3.447242491461111e-13
x(05,23,07,01) : 1.0000000000001252
x(05,23,10,00) : 3.446132268436486e-13
x(05,23,12,01) : -3.084199562408685e-13
x(05,23,14,01) : 1.8313982792941482e-13
x(05,24,02,01) : 0.9999999999997821
x(05,24,10,00) : -3.446132268436486e-13
x(05,24,11,01) : 1.723066134218243e-13
x(05,24,16,00) : 3.446132268436486e-13
x(05,25,01,01) : 2.454703107446221e-13
x(05,25,02,01) : -2.1795561590288725e-13
x(05,25,13,00) : 0.9999999999997401
x(05,25,15,00) : 2.5990321006474915e-13
x(05,26,08,00) : 1.0000000000009095
x(05,26,14,00) : -9.093836794704657e-13
x(05,27,15,01) : 1.0
x(05,28,04,01) : 1.000000000000646
x(05,28,10,01) : 8.111289417911394e-13
x(05,28,14,01) : -1.4570566975180554e-12
x(05,29,04,00) : 4.383160501220118e-13
x(05,29,06,00) : 4.696243394164412e-13
x(05,29,14,00) : -4.776179451937423e-13
x(05,29,16,00) : 0.9999999999995697
x(05,30,04,00) : 1.0
x(06,01,05,00) : 1.0
x(06,02,04,00) : -2.2148949341271873e-13
x(06,02,07,00) : 1.0000000000000462
x(06,02,12,00) : 1.7538559541825848e-13
x(06,03,01,01) : 4.04343225568482e-13
x(06,03,02,00) : 2.786659791809143e-13
x(06,03,04,00) : -2.786659791809143e-13
x(06,03,11,01) : 0.9999999999995957
x(06,04,01,01) : 2.0405899192610377e-13
x(06,04,03,01) : 0.9999999999999682
x(06,04,07,00) : 4.519350812060125e-13
x(06,04,13,00) : -4.519350812060125e-13
x(06,04,16,01) : -1.723066134218243e-13
x(06,05,09,00) : 1.0
x(06,06,11,00) : 0.9999999999999738
x(06,07,03,01) : 1.7108531761720503e-13
x(06,07,07,00) : -1.1612932837579137e-13
x(06,07,07,01) : 1.1612927789825979e-13
x(06,07,12,00) : 1.1612932837579137e-13
x(06,07,12,01) : -3.134159093741501e-13
x(06,07,13,01) : 1.0
x(06,08,02,01) : -3.241851231905457e-13
x(06,08,10,01) : 1.0000000000003242
x(06,09,02,01) : -1.5121232547641473e-13
x(06,09,03,00) : 1.0000000000003189
x(06,09,12,01) : 1.5121232547641473e-13
x(06,09,13,00) : -3.189590944790319e-13
x(06,10,04,00) : 1.0000000000003817
x(06,10,07,00) : -3.8191672047105385e-13
x(06,11,09,01) : 1.0
x(06,12,02,01) : 1.5787371410169726e-13
x(06,12,14,01) : 0.999999999999842
x(06,13,02,00) : -6.998845947236987e-13
x(06,13,08,00) : 2.1656975861767845e-13
x(06,13,10,00) : -2.879918525877656e-13
x(06,13,13,00) : 1.0000000000007707
x(06,14,02,00) : -1.3928858066947214e-12
x(06,14,10,00) : 1.000000000000288
x(06,14,16,00) : 1.1048939541069558e-12
x(06,15,07,01) : 0.9999999999998488
x(06,15,14,01) : 1.5121237595394632e-13
x(06,16,04,01) : 0.9999999999999123
x(06,16,10,01) : -3.2440716779547074e-13
x(06,16,14,01) : 4.118927421359331e-13
x(06,17,02,00) : 1.0000000000016418
x(06,17,03,00) : -1.6679990721968352e-12
x(06,18,14,00) : 1.0000000000003202
x(06,18,16,00) : -3.2018832030189515e-13
x(06,19,02,01) : 1.0000000000000995
x(06,19,03,01) : -1.3922196728799463e-13
x(06,19,04,00) : 1.0724754417879012e-13
x(06,20,08,00) : 1.0
x(06,21,01,01) : -1.2112533198660458e-13
x(06,21,03,00) : 1.3334888748772755e-12
x(06,21,14,00) : -1.2112533198660458e-13
x(06,21,14,01) : 1.2112533198660458e-13
x(06,21,15,00) : -5.011546733157957e-13
x(06,21,16,00) : 0.9999999999992888
x(06,22,04,01) : 3.055333763768431e-13
x(06,22,05,01) : 0.9999999999995814
x(06,22,07,01) : 1.127986593019159e-13
x(06,23,02,00) : 1.723066134218243e-13
x(06,23,08,00) : -1.723066134218243e-13
x(06,23,14,01) : -1.723066134218243e-13
x(06,23,16,01) : 1.0000000000001723
x(06,24,01,00) : -2.755421272699709e-13
x(06,24,12,00) : 1.0000000000002705
x(06,24,14,00) : 1.7741363933510002e-13
x(06,24,16,00) : -1.723066134218243e-13
x(06,25,02,01) : 2.1795561590288725e-13
x(06,25,04,01) : -1.723066134218243e-13
x(06,25,08,01) : 1.0000000000000366
x(06,25,12,01) : 4.992672941739329e-13
x(06,25,14,01) : -5.81534820298657e-13
x(06,26,11,01) : 3.781419621873283e-13
x(06,26,12,01) : 0.9999999999995007
x(06,26,14,01) : 1.2112533198660458e-13
x(06,27,01,00) : 1.0000000000002756
x(06,27,14,00) : -2.7555735471196385e-13
x(06,28,12,00) : -5.011546733157957e-13
x(06,28,15,00) : 1.0000000000005012
x(06,29,01,01) : 0.9999999999995128
x(06,29,05,01) : 4.696243394164412e-13
x(06,29,07,01) : -1.446620601086579e-13
x(06,29,12,01) : 1.6220358389773537e-13
x(06,30,15,01) : 1.0
x(07,01,08,01) : 1.0
x(07,02,04,00) : 2.2148949341271873e-13
x(07,02,06,01) : 1.0000000000000462
x(07,03,02,01) : 5.826450433232822e-13
x(07,03,12,00) : 1.0
x(07,03,15,01) : -5.826450433232822e-13
x(07,04,02,01) : -4.421651185893111e-13
x(07,04,06,01) : 4.519350812060125e-13
x(07,04,15,01) : 1.0
x(07,05,01,00) : 1.1479706074624119e-13
x(07,05,02,00) : -1.1479706074624119e-13
x(07,05,04,01) : -7.893685705084863e-13
x(07,05,10,01) : 1.0000000000007796
x(07,06,15,00) : 1.0
x(07,07,05,01) : 1.1612927789825979e-13
x(07,07,06,00) : 1.1612927789825979e-13
x(07,07,06,01) : -1.1612932837579137e-13
x(07,07,11,00) : 2.1050349501006265e-13
x(07,07,14,00) : 1.0
x(07,07,15,00) : -1.0458816798329113e-13
x(07,07,16,00) : -2.220446049250313e-13
x(07,08,05,01) : 1.0000000000005005
x(07,08,09,01) : -5.00067912185101e-13
x(07,08,11,00) : -2.1050349501006265e-13
x(07,08,12,00) : 2.105458972273612e-13
x(07,09,08,00) : -1.5110270937883523e-13
x(07,09,12,01) : 1.0
x(07,09,13,00) : 1.5121237595394632e-13
x(07,10,01,00) : 3.134159093741501e-13
x(07,10,02,00) : -3.4139352959470405e-13
x(07,10,05,01) : -1.9528823003156504e-13
x(07,10,06,01) : -3.8191672047105385e-13
x(07,10,13,00) : 1.000000000000028
x(07,10,15,01) : 5.772049505026189e-13
x(07,11,04,00) : 1.0
x(07,12,09,01) : 1.0000000000006284
x(07,12,10,01) : -6.283862319378386e-13
x(07,13,01,01) : -5.138112157965224e-13
x(07,13,04,01) : 1.0000000000007894
x(07,13,05,01) : -1.2434497875801753e-13
x(07,13,10,01) : -1.5121237595394632e-13
x(07,14,03,00) : 1.0
x(07,15,06,00) : 0.9999999999998488
x(07,15,08,00) : 1.5121237595394632e-13
x(07,16,13,01) : 1.0
x(07,17,14,01) : 1.0
x(07,18,09,00) : 1.0
x(07,18,12,01) : 1.6220358389773537e-13
x(07,18,15,01) : -1.6220358389773537e-13
x(07,19,01,00) : 1.0
x(07,20,02,01) : 1.0
x(07,20,04,00) : -2.2148949341271873e-13
x(07,20,05,00) : 2.2148949341271873e-13
x(07,21,01,01) : 1.0000000000007672
x(07,21,02,00) : 1.1468603844377867e-13
x(07,21,02,01) : -1.1468603844377867e-13
x(07,21,09,01) : -5.364597654988756e-13
x(07,21,11,01) : -1.1612927789825979e-13
x(07,21,12,00) : -2.105458972273612e-13
x(07,22,06,00) : 1.127986593019159e-13
x(07,22,10,00) : 1.0
x(07,22,13,00) : -1.325606291402437e-13
x(07,23,05,00) : 1.0000000000001252
x(07,23,05,01) : -3.447242491461111e-13
x(07,23,10,00) : -3.446132268436486e-13
x(07,23,15,00) : 1.899310245485973e-13
x(07,23,15,01) : 3.447242491461111e-13
x(07,24,01,00) : -3.446132268436486e-13
x(07,24,03,01) : 1.0000000000000098
x(07,24,10,00) : 3.446132268436486e-13
x(07,25,11,01) : 1.0
x(07,26,01,01) : -2.533528942194607e-13
x(07,26,09,01) : 4.0811798385220754e-13
x(07,26,16,00) : 1.000000000000222
x(07,27,11,00) : 1.0
x(07,28,16,01) : 1.0
x(07,29,02,00) : 1.0000000000001448
x(07,29,06,00) : -1.446620601086579e-13
x(07,29,11,01) : 1.6220358389773537e-13
x(07,29,12,01) : -1.6220358389773537e-13
x(07,30,08,00) : 1.0
x(08,01,07,00) : 1.0
x(08,02,09,00) : 1.0
x(08,02,16,01) : -3.555409934717445e-13
x(08,03,01,01) : 1.000000000000558
x(08,03,03,01) : -1.7474910407599964e-13
x(08,03,05,01) : -5.598854713184664e-13
x(08,03,10,01) : 1.766364832178624e-13
x(08,04,04,00) : 4.930575309408599e-13
x(08,04,05,01) : -1.0936445363040584e-13
x(08,04,09,01) : 1.0000000000001095
x(08,04,16,00) : -4.930575309408599e-13
x(08,05,02,01) : 1.9695356456850277e-13
x(08,05,11,00) : -1.2043699371133698e-12
x(08,05,11,01) : -1.9728663147589032e-13
x(08,05,13,00) : 1.0000000000012046
x(08,06,05,00) : 1.0
x(08,07,11,00) : -4.977180400479959e-13
x(08,07,11,01) : 1.00000000000009
x(08,07,14,00) : 3.9312987206470475e-13
x(08,07,15,00) : 1.0458816798329113e-13
x(08,08,03,01) : 5.443423489737143e-13
x(08,08,09,01) : -1.0936445363040584e-13
x(08,08,10,01) : -5.24913446042774e-13
x(08,08,11,00) : 1.4777574268614654e-13
x(08,08,13,01) : 1.00000000000009
x(08,08,14,00) : -1.4777574268614654e-13
x(08,09,07,01) : -1.5110270937883523e-13
x(08,09,10,01) : 1.5110270937883523e-13
x(08,09,15,00) : 1.0
x(08,10,02,00) : 1.0000000000009177
x(08,10,04,00) : -3.816946758661288e-13
x(08,10,10,00) : -5.360156762890256e-13
x(08,11,02,01) : -3.255173908200959e-13
x(08,11,15,01) : 1.0000000000003255
x(08,12,04,00) : -2.807436822698556e-13
x(08,12,12,00) : -4.010990953881542e-13
x(08,12,13,00) : 6.818427776580098e-13
x(08,12,16,01) : 1.0
x(08,13,03,00) : -5.928590951498336e-13
x(08,13,04,01) : -2.1656975861767845e-13
x(08,13,06,01) : 2.1656975861767845e-13
x(08,13,10,00) : 1.0000000000010343
x(08,13,11,00) : -4.4142467459096224e-13
x(08,14,14,00) : 1.0
x(08,15,03,01) : 0.9999999999994934
x(08,15,07,01) : 1.5121237595394632e-13
x(08,15,16,01) : 3.55493412484975e-13
x(08,16,01,00) : 1.0458816798329113e-13
x(08,16,04,01) : 6.52145004664817e-13
x(08,16,05,01) : -2.4014124022642136e-13
x(08,16,14,01) : 0.9999999999995881
x(08,16,15,00) : -1.0458816798329113e-13
x(08,17,03,00) : 9.625633623500107e-13
x(08,17,10,00) : -1.6158185900394528e-12
x(08,17,11,00) : 1.0000000000019957
x(08,17,13,00) : -1.3424816813767393e-12
x(08,18,04,00) : 1.0
x(08,19,10,01) : 1.0000000000002547
x(08,19,11,01) : 1.0724754417879012e-13
x(08,19,15,01) : -3.255173908200959e-13
x(08,20,06,01) : 1.0
x(08,21,03,00) : 0.9999999999996303
x(08,21,13,00) : -3.4154140973067603e-13
x(08,21,16,00) : 7.112456769308532e-13
x(08,22,02,00) : 2.1795561590288725e-13
x(08,22,16,00) : 0.9999999999997821
x(08,23,01,01) : 3.5140442346283107e-13
x(08,23,02,01) : 0.9999999999997821
x(08,23,06,01) : -1.723066134218243e-13
x(08,24,01,00) : -4.010990953881542e-13
x(08,24,02,01) : 2.1795561590288725e-13
x(08,24,04,01) : 0.9999999999995646
x(08,24,12,00) : 4.010990953881542e-13
x(08,24,14,01) : 2.1749269052406817e-13
x(08,25,02,00) : -7.442935157087049e-13
x(08,25,06,00) : 1.0000000000000366
x(08,25,10,00) : 7.44737604918555e-13
x(08,26,01,00) : 2.9651608646846447e-13
x(08,26,01,01) : -9.093836794704657e-13
x(08,26,02,00) : -2.9651608646846447e-13
x(08,26,05,01) : 1.0000000000009095
x(08,27,12,00) : 1.0
x(08,27,14,00) : -2.454564329568143e-13
x(08,27,14,01) : 2.454564329568143e-13
x(08,28,01,00) : 1.0
x(08,29,12,01) : 1.0
x(08,30,07,01) : 1.0
x(09,01,10,01) : 1.0
x(09,02,08,01) : 1.0
x(09,02,15,00) : 1.6231460620019789e-13
x(09,03,02,00) : -6.795675133730583e-13
x(09,03,10,00) : 1.000000000000955
x(09,03,14,00) : -3.455014052633487e-13
x(09,04,04,00) : -1.0936445363040584e-13
x(09,04,08,00) : 1.0000000000001095
x(09,05,06,01) : 1.0
x(09,06,01,01) : 1.0
x(09,07,04,00) : 1.0
x(09,08,01,00) : 1.0
x(09,08,02,00) : 6.094323658155068e-13
x(09,08,04,01) : 1.8607337892717624e-13
x(09,08,05,01) : -1.8607337892717624e-13
x(09,08,07,00) : -5.00067912185101e-13
x(09,08,08,00) : -1.0936445363040584e-13
x(09,09,04,01) : 1.0
x(09,10,11,01) : 1.0
x(09,11,06,00) : 1.0
x(09,12,07,00) : 1.0000000000006284
x(09,12,13,00) : -6.818427776580098e-13
x(09,13,12,01) : 1.0
x(09,14,03,00) : -1.092459456231154e-13
x(09,14,04,00) : 1.0936445363040584e-13
x(09,14,04,01) : -2.2293278334473143e-13
x(09,14,05,01) : 1.8607337892717624e-13
x(09,14,15,01) : 1.0
x(09,15,12,00) : 1.0
x(09,16,11,00) : 1.0
x(09,17,05,01) : 1.0
x(09,18,07,01) : 1.0
x(09,19,05,00) : 1.0
x(09,20,14,01) : -4.54081217071689e-13
x(09,20,15,00) : 1.5143442055887135e-13
x(09,20,16,01) : 1.0000000000003026
x(09,21,07,00) : -5.364597654988756e-13
x(09,21,13,00) : 1.0000000000004219
x(09,21,16,01) : 1.1457501614131615e-13
x(09,22,02,00) : 1.0000000000000702
x(09,23,13,01) : 1.0
x(09,24,14,01) : 1.000000000000454
x(09,24,16,01) : -4.1722181265413383e-13
x(09,25,13,00) : 2.5990321006474915e-13
x(09,25,15,00) : 0.9999999999997401
x(09,26,07,00) : 4.0811798385220754e-13
x(09,26,10,00) : -7.536193891155563e-13
x(09,26,14,00) : 1.0000000000003455
x(09,27,03,01) : 1.0
x(09,28,02,01) : 1.0
x(09,29,03,00) : 1.0000000000002014
x(09,29,10,00) : -2.013944566670034e-13
x(09,30,16,00) : 1.0
x(10,01,09,00) : 1.0
x(10,02,02,00) : -1.6807388814044089e-13
x(10,02,03,00) : 1.0
x(10,02,04,00) : 1.766364832178624e-13
x(10,02,05,00) : -3.084199562408685e-13
x(10,02,11,00) : -1.942890293094024e-13
x(10,02,13,00) : 4.227729277772596e-13
x(10,03,04,00) : -1.766364832178624e-13
x(10,03,05,01) : -5.693223670277803e-13
x(10,03,08,00) : 1.766364832178624e-13
x(10,03,09,01) : 1.000000000000955
x(10,03,13,01) : -3.856914787547794e-13
x(10,04,11,01) : 1.0
x(10,05,03,00) : 2.453592884421596e-13
x(10,05,05,00) : -6.022959908591474e-13
x(10,05,07,00) : 1.0000000000007796
x(10,05,13,00) : -4.227729277772596e-13
x(10,06,04,01) : 1.0
x(10,07,02,00) : 1.0
x(10,08,05,00) : 5.417888360170764e-13
x(10,08,06,00) : 1.0000000000003242
x(10,08,08,00) : -5.24913446042774e-13
x(10,08,16,00) : -3.410605131648481e-13
x(10,09,02,01) : 1.0000000000002995
x(10,09,05,00) : -1.5110270937883523e-13
x(10,09,05,01) : -2.9953817204386723e-13
x(10,09,08,00) : 1.5110270937883523e-13
x(10,10,05,01) : 1.000000000000536
x(10,10,08,01) : -5.360156762890256e-13
x(10,11,05,00) : -3.8491296691019034e-13
x(10,11,05,01) : -1.5110270937883523e-13
x(10,11,14,00) : 1.0000000000004423
x(10,11,15,01) : -1.6209256159527285e-13
x(10,11,16,01) : 3.135269821541442e-13
x(10,12,07,00) : -6.283862319378386e-13
x(10,12,12,00) : 1.0000000000006284
x(10,12,14,01) : 2.807436822698555e-13
x(10,12,16,01) : -2.807436822698555e-13
x(10,13,05,01) : 7.323031070427533e-13
x(10,13,06,01) : -2.879918525877656e-13
x(10,13,07,00) : -1.5121237595394632e-13
x(10,13,08,01) : 1.0000000000010343
x(10,13,16,01) : -1.2830847495592934e-12
x(10,14,01,01) : -1.7852386235972517e-13
x(10,14,06,01) : 1.000000000000288
x(10,14,14,01) : -1.0946799022804043e-13
x(10,15,14,00) : -9.633114132374475e-13
x(10,15,16,00) : 1.0000000000009632
x(10,16,01,00) : 1.0000000000000713
x(10,16,06,00) : -3.2440716779547074e-13
x(10,16,16,00) : 2.531308496145357e-13
x(10,17,08,01) : -1.6158185900394528e-12
x(10,17,16,01) : 1.0000000000016418
x(10,18,02,01) : -1.6209256159527285e-13
x(10,18,15,01) : 1.000000000000162
x(10,19,02,00) : 1.6807388814044089e-13
x(10,19,02,01) : -1.3744561044859438e-13
x(10,19,08,00) : 1.0000000000002547
x(10,19,16,00) : -4.227590499894518e-13
x(10,19,16,01) : 1.1944611966185903e-13
x(10,20,05,00) : 1.0
x(10,20,13,01) : 3.3928415632544784e-13
x(10,20,16,01) : -3.3934536144163453e-13
x(10,21,14,01) : 1.0
x(10,22,01,00) : -2.660094367001875e-13
x(10,22,01,01) : 1.8318679906315083e-13
x(10,22,04,00) : 2.660094367001875e-13
x(10,22,07,01) : 1.0
x(10,22,14,01) : -1.8313982792941482e-13
x(10,23,04,00) : 0.999999999999734
x(10,23,05,01) : 3.446132268436486e-13
x(10,23,07,01) : -3.446132268436486e-13
x(10,23,12,00) : 4.383160501220118e-13
x(10,23,16,00) : -1.723066134218243e-13
x(10,24,05,01) : -3.446132268436486e-13
x(10,24,07,01) : 3.446132268436486e-13
x(10,24,15,00) : 1.0
x(10,25,08,01) : 7.44737604918555e-13
x(10,25,12,01) : 0.9999999999992553
x(10,26,01,01) : 0.9999999999995083
x(10,26,03,00) : -2.454703107446221e-13
x(10,26,09,01) : -7.536193891155563e-13
x(10,26,12,01) : 7.44737604918555e-13
x(10,26,13,01) : 5.005704282759018e-13
x(10,26,16,00) : 2.454703107446221e-13
x(10,27,01,00) : 1.4166445794216997e-13
x(10,27,13,00) : 1.0
x(10,27,14,00) : 5.209985602267852e-13
x(10,27,16,00) : -4.1720330893705676e-13
x(10,27,16,01) : -2.454564329568143e-13
x(10,28,05,00) : 8.111289417911394e-13
x(10,28,11,00) : 1.0000000000001448
x(10,28,12,00) : -9.559020242022598e-13
x(10,29,01,01) : 4.871658632055187e-13
x(10,29,09,01) : -2.013944566670034e-13
x(10,29,13,01) : 0.9999999999997142
x(10,30,03,01) : 1.0
x(11,01,12,01) : 1.0
x(11,02,02,01) : -3.5127456499139953e-13
x(11,02,10,01) : -1.942890293094024e-13
x(11,02,16,01) : 1.0000000000003513
x(11,03,03,01) : -1.9425989578182116e-13
x(11,03,06,00) : 0.9999999999995957
x(11,03,13,01) : 1.9425989578182116e-13
x(11,03,14,00) : -6.769626474098147e-13
x(11,03,16,00) : 1.0812767394507154e-12
x(11,04,10,00) : 1.0
x(11,05,04,01) : 1.0000000000015907
x(11,05,05,00) : 1.9728663147589032e-13
x(11,05,05,01) : -1.9717560917342775e-13
x(11,05,08,00) : -1.9728663147589032e-13
x(11,05,08,01) : -1.2043699371133698e-12
x(11,05,16,01) : -1.8914447800382236e-13
x(11,06,06,01) : 0.9999999999999738
x(11,07,05,01) : 1.971756091734278e-13
x(11,07,07,01) : 2.1050349501006265e-13
x(11,07,08,00) : 1.00000000000009
x(11,07,08,01) : -4.977180400479959e-13
x(11,07,12,00) : -1.1612927789825979e-13
x(11,08,07,01) : -2.1050349501006265e-13
x(11,08,08,01) : 1.4777574268614654e-13
x(11,08,15,01) : 1.0
x(11,09,02,01) : 1.6167900815369823e-13
x(11,09,05,00) : -2.6278978992877455e-13
x(11,09,14,01) : 1.0
x(11,09,16,00) : 1.0111078177507633e-13
x(11,10,01,01) : -1.6167900815369823e-13
x(11,10,09,00) : 1.0
x(11,10,14,01) : 1.6167900815369823e-13
x(11,11,12,00) : 1.0
x(11,12,02,01) : 0.9999999999997014
x(11,12,03,01) : 1.942890293094024e-13
x(11,12,15,01) : 1.0436096431476471e-13
x(11,13,01,01) : 1.0000000000004414
x(11,13,08,01) : -4.4142467459096224e-13
x(11,14,02,00) : 1.0100809078039674e-12
x(11,14,16,00) : 0.9999999999989898
x(11,15,05,00) : 0.9999999999998932
x(11,15,13,01) : 3.063105324940807e-13
x(11,15,14,00) : 1.0680345496894006e-13
x(11,15,14,01) : -3.063105324940807e-13
x(11,16,09,01) : 1.0
x(11,17,01,01) : -6.823430709346212e-13
x(11,17,04,01) : -1.3649081864741675e-12
x(11,17,08,01) : 1.0000000000019957
x(11,18,04,00) : 2.5712765250318625e-13
x(11,18,13,00) : 1.0
x(11,18,16,01) : -1.6220358389773537e-13
x(11,19,04,00) : 0.9999999999998928
x(11,19,08,00) : 1.0724754417879012e-13
x(11,20,03,01) : 1.0
x(11,20,14,01) : 1.4463152434038246e-13
x(11,20,15,01) : -1.0436096431476471e-13
x(11,21,05,01) : 1.0
x(11,21,07,00) : -1.1612927789825979e-13
x(11,21,12,00) : 1.1612927789825979e-13
x(11,22,03,00) : 1.0
x(11,23,01,00) : 1.0
x(11,24,05,00) : 1.723066134218243e-13
x(11,24,13,01) : 1.0
x(11,24,16,00) : -1.723066134218243e-13
x(11,25,07,00) : 1.0
x(11,26,01,01) : 5.005704282759018e-13
x(11,26,02,00) : 0.9999999999991793
x(11,26,06,00) : 3.781419621873283e-13
x(11,26,13,01) : -5.005704282759018e-13
x(11,26,14,00) : 4.425348976155874e-13
x(11,27,07,01) : 1.0
x(11,28,04,01) : -1.4477308241112041e-13
x(11,28,10,01) : 1.0000000000001448
x(11,29,04,00) : -1.6209256159527285e-13
x(11,29,07,00) : 1.6220358389773537e-13
x(11,29,15,00) : 1.0
x(11,30,02,00) : -1.27675647831893e-13
x(11,30,14,00) : 1.0000000000001277
x(12,01,11,00) : 1.0
x(12,02,05,00) : 1.0000000000003084
x(12,02,06,01) : 1.7538559541825848e-13
x(12,02,15,00) : -4.838351941316432e-13
x(12,03,07,01) : 1.0
x(12,04,02,00) : -1.7538559541825848e-13
x(12,04,05,01) : 1.0
x(12,04,14,00) : 1.2878587085651816e-13
x(12,05,01,00) : 1.0
x(12,06,13,00) : 1.0000000000000466
x(12,07,01,00) : 3.134159093741501e-13
x(12,07,06,00) : -3.134159093741501e-13
x(12,07,06,01) : 1.1612932837579137e-13
x(12,07,11,01) : -1.1612927789825979e-13
x(12,07,15,01) : 1.0
x(12,08,03,01) : 1.461872104596807e-13
x(12,08,07,01) : 2.105458972273612e-13
x(12,08,16,01) : 0.9999999999996433
x(12,09,06,00) : 1.5121232547641473e-13
x(12,09,07,00) : 1.0
x(12,09,14,00) : -1.5121237595394632e-13
x(12,10,01,00) : -3.134159093741501e-13
x(12,10,13,00) : 1.305622276959184e-13
x(12,10,14,00) : -2.0084276474554652e-13
x(12,10,16,00) : 1.0000000000003837
x(12,11,11,01) : 1.0
x(12,12,08,01) : -4.010990953881542e-13
x(12,12,10,01) : 1.0000000000006284
x(12,12,14,01) : -1.2270412762999464e-13
x(12,12,15,01) : -1.0458300891968975e-13
x(12,13,09,00) : 1.0
x(12,14,04,00) : 1.0
x(12,15,09,01) : 1.0
x(12,16,02,01) : 1.0
x(12,16,03,01) : -1.0458300891968975e-13
x(12,16,15,01) : 1.0458300891968975e-13
x(12,17,03,00) : 1.00000000000081
x(12,17,13,00) : -1.270095140171179e-13
x(12,17,15,00) : -6.823430709346212e-13
x(12,18,02,00) : 1.0
x(12,18,04,00) : -2.5712765250318625e-13
x(12,18,07,00) : 1.6220358389773537e-13
x(12,19,13,01) : 1.0
x(12,20,04,01) : 1.0
x(12,21,03,00) : -1.0943468353730168e-12
x(12,21,07,01) : -2.105458972273612e-13
x(12,21,11,01) : 1.1612927789825979e-13
x(12,21,15,00) : 1.0000000000011888
x(12,22,14,00) : 1.0000000000001767
x(12,22,16,00) : -1.7319479184152442e-13
x(12,23,03,01) : 0.9999999999999611
x(12,23,04,00) : 2.660094367001875e-13
x(12,23,05,00) : -3.084199562408685e-13
x(12,23,10,01) : 4.383160501220118e-13
x(12,23,16,01) : -3.959055305813308e-13
x(12,24,06,01) : 1.0000000000002705
x(12,24,08,01) : 4.010990953881542e-13
x(12,24,14,01) : -6.71587785383565e-13
x(12,25,03,00) : 2.454564329568143e-13
x(12,25,06,00) : 4.992672941739329e-13
x(12,25,10,00) : 0.9999999999992553
x(12,26,02,00) : 1.7538559541825848e-13
x(12,26,06,00) : 0.9999999999995007
x(12,26,10,00) : 7.44737604918555e-13
x(12,26,16,00) : -4.675149156696534e-13
x(12,27,08,01) : 1.0
x(12,27,14,01) : -6.626782456109481e-13
x(12,27,16,01) : 6.626782456109481e-13
x(12,28,06,01) : -5.011546733157957e-13
x(12,28,10,01) : -9.559020242022598e-13
x(12,28,14,01) : 1.000000000001457
x(12,29,06,00) : 1.6220358389773537e-13
x(12,29,07,00) : -1.6220358389773537e-13
x(12,29,08,00) : 1.0
x(12,30,01,01) : 1.0
x(13,01,14,01) : 1.0
x(13,02,02,01) : 1.000000000000718
x(13,02,04,01) : -9.833245329105011e-13
x(13,02,10,01) : 4.227729277772596e-13
x(13,02,15,01) : -1.5765166949677223e-13
x(13,03,04,00) : 1.9129142714291447e-13
x(13,03,10,00) : -3.856914787547794e-13
x(13,03,11,00) : 1.9425989578182116e-13
x(13,03,16,00) : 1.0
x(13,04,01,00) : 1.912171169593407e-13
x(13,04,02,01) : 4.519350812060125e-13
x(13,04,04,00) : 0.9999999999998087
x(13,04,06,01) : -4.519350812060125e-13
x(13,05,02,01) : -1.1700273335335636e-12
x(13,05,04,01) : 1.9129142714291447e-13
x(13,05,05,01) : 1.5409895581797168e-13
x(13,05,08,01) : 1.0000000000012046
x(13,05,10,01) : -4.227729277772596e-13
x(13,06,12,01) : 1.0000000000000466
x(13,07,06,00) : 1.0
x(13,08,08,00) : 1.00000000000009
x(13,09,05,01) : 2.6278978992877455e-13
x(13,09,06,01) : -3.189590944790319e-13
x(13,09,07,01) : 1.5121237595394632e-13
x(13,09,16,01) : 0.9999999999999051
x(13,10,01,01) : -1.5853984791647235e-13
x(13,10,07,01) : 1.000000000000028
x(13,10,12,01) : 1.305622276959184e-13
x(13,11,01,00) : 3.2451819009793326e-13
x(13,11,05,00) : 1.0000000000003149
x(13,11,14,00) : -6.254996520738132e-13
x(13,12,05,00) : -1.0458300891968975e-13
x(13,12,08,01) : 6.818427776580098e-13
x(13,12,09,01) : -6.818427776580098e-13
x(13,12,15,00) : 1.0000000000001046
x(13,13,01,01) : -2.4291679778798425e-13
x(13,13,04,01) : -5.728750807065808e-13
x(13,13,06,01) : 1.0000000000007707
x(13,14,01,01) : 1.0000000000004015
x(13,14,05,01) : -4.014295295270369e-13
x(13,15,01,00) : -4.014295295270369e-13
x(13,15,11,00) : 3.063105324940807e-13
x(13,15,14,00) : 1.0000000000006155
x(13,15,16,00) : -4.303224443447107e-13
x(13,16,07,00) : 1.0
x(13,17,04,01) : 1.000000000001365
x(13,17,08,01) : -1.3424816813767393e-12
x(13,17,12,01) : -1.270095140171179e-13
x(13,17,15,01) : 1.0458300891968975e-13
x(13,18,11,01) : 1.0
x(13,19,12,00) : 1.0
x(13,20,01,00) : 0.9999999999999755
x(13,20,05,00) : -2.1027624086400465e-13
x(13,20,10,00) : 3.3928415632544784e-13
x(13,20,15,00) : -1.0458300891968975e-13
x(13,21,08,01) : -3.4154140973067603e-13
x(13,21,09,01) : 1.0000000000004219
x(13,22,07,01) : -1.325606291402437e-13
x(13,22,15,01) : 1.0000000000001326
x(13,23,09,00) : 1.0
x(13,24,11,00) : 1.0
x(13,25,05,01) : 0.9999999999997401
x(13,25,09,01) : 2.5990321006474915e-13
x(13,26,03,00) : 1.0
x(13,26,10,00) : 5.005704282759018e-13
x(13,26,11,00) : -5.005704282759018e-13
x(13,27,10,01) : 1.0
x(13,28,03,01) : 1.0
x(13,29,02,00) : -1.4477308241112041e-13
x(13,29,10,00) : 0.9999999999997142
x(13,29,16,00) : 4.303224443447107e-13
x(13,30,02,00) : 1.0000000000001277
x(13,30,14,00) : -1.27675647831893e-13
x(14,01,13,00) : 1.0
x(14,02,01,00) : 1.0
x(14,03,02,01) : -3.442204906404043e-13
x(14,03,05,01) : 1.0000000000013667
x(14,03,09,01) : -3.455014052633487e-13
x(14,03,11,01) : -6.769626474098147e-13
x(14,04,02,01) : -3.0106284180582623e-13
x(14,04,12,01) : 1.2878587085651816e-13
x(14,04,16,01) : 1.0000000000001723
x(14,05,03,00) : -4.3454129183828627e-13
x(14,05,05,00) : 1.0000000000013358
x(14,05,15,00) : -9.012790513907021e-13
x(14,06,16,00) : 1.0
x(14,07,03,01) : -3.9312992254223634e-13
x(14,07,07,01) : 1.0
x(14,07,08,01) : 3.9312987206470475e-13
x(14,08,04,00) : -1.6860316658965346e-13
x(14,08,04,01) : 1.0000000000001685
x(14,08,08,01) : -1.4777574268614654e-13
x(14,09,11,00) : 1.0
x(14,09,12,01) : -1.5121237595394632e-13
x(14,09,16,00) : -4.1722181265413383e-13
x(14,09,16,01) : 5.684341886080801e-13
x(14,10,01,01) : 1.0000000000003202
x(14,10,02,00) : -1.6120438317557273e-13
x(14,10,11,00) : 1.6167900815369823e-13
x(14,10,12,01) : -2.0084276474554652e-13
x(14,10,16,01) : -1.1934897514720433e-13
x(14,11,10,01) : 1.0000000000004423
x(14,11,13,01) : -6.254996520738132e-13
x(14,11,15,01) : 1.8313982792941482e-13
x(14,12,02,01) : 2.986499936241671e-13
x(14,12,03,01) : -2.986499936241671e-13
x(14,12,06,00) : 0.999999999999842
x(14,12,10,00) : 2.807436822698555e-13
x(14,12,12,00) : -1.2270412762999464e-13
x(14,13,02,00) : -5.832001548355947e-13
x(14,13,03,00) : 1.0000000000005929
x(14,13,05,00) : -1.5121237595394632e-13
x(14,13,15,00) : 1.4144376906459642e-13
x(14,14,03,00) : 1.0946799022804043e-13
x(14,14,08,01) : 1.0
x(14,14,10,00) : -1.0946799022804043e-13
x(14,15,03,01) : 6.111791307835002e-13
x(14,15,06,00) : 1.5121237595394632e-13
x(14,15,10,01) : -9.633114132374475e-13
x(14,15,11,00) : -3.063105324940807e-13
x(14,15,11,01) : 1.0680345496894006e-13
x(14,15,13,01) : 1.0000000000006155
x(14,15,16,01) : -3.554934124849751e-13
x(14,16,06,00) : 4.118927421359331e-13
x(14,16,08,00) : 0.9999999999995881
x(14,17,07,00) : 1.0
x(14,18,01,01) : -3.2019173989275085e-13
x(14,18,06,01) : 1.0000000000003202
x(14,19,02,01) : -1.3922196728799463e-13
x(14,19,03,01) : 1.0000000000001392
x(14,20,04,00) : 2.2148949341271873e-13
x(14,20,09,00) : -4.54081217071689e-13
x(14,20,11,00) : 1.4463152434038246e-13
x(14,20,15,00) : 1.000000000000099
x(14,21,06,00) : 1.2112533198660458e-13
x(14,21,06,01) : -1.2112533198660458e-13
x(14,21,10,00) : 1.0
x(14,22,10,00) : -1.8313982792941482e-13
x(14,22,12,01) : 1.0000000000001767
x(14,22,15,00) : 1.8313982792941482e-13
x(14,22,16,01) : -1.0645155189258349e-13
x(14,23,03,00) : -2.2359891715950653e-13
x(14,23,05,00) : 1.8313982792941482e-13
x(14,23,06,00) : -1.723066134218243e-13
x(14,23,15,01) : 0.9999999999998168
x(14,23,16,01) : 3.959055305813308e-13
x(14,24,04,01) : -1.6860316658965346e-13
x(14,24,06,01) : 1.7741363933510002e-13
x(14,24,08,00) : 2.1749269052406817e-13
x(14,24,09,00) : 1.000000000000454
x(14,24,12,00) : -6.71587785383565e-13
x(14,25,02,00) : 1.0000000000007443
x(14,25,06,00) : -5.81534820298657e-13
x(14,25,16,01) : -1.723066134218243e-13
x(14,26,05,01) : -9.093836794704657e-13
x(14,26,06,00) : 1.2112533198660458e-13
x(14,26,09,01) : 1.0000000000003455
x(14,26,11,01) : 4.425348976155874e-13
x(14,27,02,01) : 1.0
x(14,27,06,01) : -2.7555735471196385e-13
x(14,27,08,00) : 2.454564329568143e-13
x(14,27,08,01) : -2.454564329568143e-13
x(14,27,10,01) : 5.209985602267852e-13
x(14,27,12,00) : -6.626782456109481e-13
x(14,27,16,00) : 4.1722181265413383e-13
x(14,28,05,00) : -1.4570566975180554e-12
x(14,28,12,00) : 1.000000000001457
x(14,29,02,01) : 4.776179451937423e-13
x(14,29,03,00) : -2.013944566670034e-13
x(14,29,04,00) : 0.9999999999997238
x(14,29,05,01) : -4.776179451937423e-13
x(14,29,15,00) : 4.776179451937423e-13
x(14,30,11,01) : 1.0000000000001277
x(14,30,13,01) : -1.27675647831893e-13
x(15,01,16,01) : 1.0
x(15,02,02,01) : -3.752553823233029e-13
x(15,02,04,01) : 1.0000000000008067
x(15,02,09,01) : 1.6231460620019789e-13
x(15,02,12,01) : -4.838351941316432e-13
x(15,02,13,00) : -1.5765166949677223e-13
x(15,03,02,00) : 1.0000000000003753
x(15,03,07,00) : -5.826450433232822e-13
x(15,03,16,00) : 2.0738966099997924e-13
x(15,04,07,00) : 1.0
x(15,05,02,01) : 1.0000000000009013
x(15,05,14,01) : -9.012790513907021e-13
x(15,06,07,01) : 1.0
x(15,07,07,01) : -1.0458816798329113e-13
x(15,07,08,01) : 1.0458816798329113e-13
x(15,07,12,00) : 1.0
x(15,08,11,00) : 1.0
x(15,09,08,01) : 1.0
x(15,10,02,00) : -4.578559753554146e-13
x(15,10,03,00) : 0.9999999999998807
x(15,10,07,00) : 5.772049505026189e-13
x(15,11,01,00) : -4.29101199017623e-13
x(15,11,02,00) : 1.0880185641326534e-13
x(15,11,08,00) : 1.0000000000003255
x(15,11,10,00) : -1.6209256159527285e-13
x(15,11,14,00) : 1.8313982792941482e-13
x(15,12,02,01) : -1.5787371410169726e-13
x(15,12,11,00) : 1.0436096431476471e-13
x(15,12,12,00) : -1.0458300891968975e-13
x(15,12,13,01) : 1.0000000000001046
x(15,13,01,01) : 3.1530333899354446e-13
x(15,13,05,01) : 0.9999999999995433
x(15,13,14,01) : 1.4144376906459642e-13
x(15,14,09,00) : 1.0
x(15,15,01,00) : 1.000000000000533
x(15,15,03,01) : -1.0458300891968975e-13
x(15,15,05,01) : 1.0458300891968975e-13
x(15,15,16,00) : -5.329889688927368e-13
x(15,16,01,00) : -1.0391687510491465e-13
x(15,16,03,01) : 1.0000000000001046
x(15,16,08,01) : -1.0458816798329113e-13
x(15,16,12,00) : 1.0458300891968975e-13
x(15,17,01,01) : 1.0000000000006823
x(15,17,03,00) : -1.0458300891968975e-13
x(15,17,12,01) : -6.823430709346212e-13
x(15,17,13,00) : 1.0458300891968975e-13
x(15,18,07,00) : -1.6220358389773537e-13
x(15,18,10,00) : 1.000000000000162
x(15,19,08,00) : -3.255173908200959e-13
x(15,19,16,00) : 1.0000000000003255
x(15,20,09,01) : 1.5143442055887135e-13
x(15,20,11,00) : -1.0436096431476471e-13
x(15,20,13,01) : -1.0458300891968975e-13
x(15,20,14,01) : 1.000000000000099
x(15,21,01,01) : -6.459277557269161e-13
x(15,21,02,01) : 1.1468603844377867e-13
x(15,21,06,01) : -5.011546733157957e-13
x(15,21,12,01) : 1.0000000000011888
x(15,22,04,01) : -3.055333763768431e-13
x(15,22,13,00) : 1.0000000000001326
x(15,22,14,01) : 1.8313982792941482e-13
x(15,23,01,01) : -3.5140442346283107e-13
x(15,23,07,00) : 3.447242491461111e-13
x(15,23,07,01) : 1.899310245485973e-13
x(15,23,14,00) : 0.9999999999998168
x(15,24,10,01) : 1.0
x(15,25,05,01) : 2.5990321006474915e-13
x(15,25,09,01) : 0.9999999999997401
x(15,26,04,00) : 1.0
x(15,27,05,00) : 1.0
x(15,28,04,01) : -5.011546733157957e-13
x(15,28,06,01) : 1.0000000000005012
x(15,29,02,01) : -4.776179451937423e-13
x(15,29,11,01) : 1.0
x(15,29,14,01) : 4.776179451937423e-13
x(15,30,06,00) : 1.0
x(16,01,15,00) : 1.0
x(16,02,08,00) : -3.555409934717445e-13
x(16,02,11,00) : 1.0000000000003513
x(16,03,01,01) : -8.832968579826302e-13
x(16,03,02,01) : -1.6807388814044089e-13
x(16,03,05,01) : -2.372817765398157e-13
x(16,03,11,01) : 1.0812767394507154e-12
x(16,03,13,01) : 1.0
x(16,03,15,01) : 2.0738966099997924e-13
x(16,04,02,01) : 3.836930773104541e-13
x(16,04,05,01) : 1.0936445363040584e-13
x(16,04,06,00) : -1.723066134218243e-13
x(16,04,08,01) : -4.930575309408599e-13
x(16,04,14,00) : 1.0000000000001723
x(16,05,03,00) : 1.0000000000001892
x(16,05,11,00) : -1.8914447800382236e-13
x(16,06,14,01) : 1.0
x(16,07,03,01) : 1.000000000000222
x(16,07,07,01) : -2.220446049250313e-13
x(16,08,01,01) : 5.631051180898794e-13
x(16,08,02,00) : 5.42788036739239e-13
x(16,08,03,01) : -2.220446049250313e-13
x(16,08,04,00) : -1.8607337892717624e-13
x(16,08,10,01) : -3.410605131648481e-13
x(16,08,12,00) : 0.9999999999996433
x(16,09,03,00) : -3.189590944790319e-13
x(16,09,11,01) : 1.0111078177507633e-13
x(16,09,13,00) : 0.9999999999999051
x(16,09,14,00) : 5.684341886080801e-13
x(16,09,14,01) : -4.1722181265413383e-13
x(16,10,03,00) : 1.1934897514720433e-13
x(16,10,05,01) : -3.835820550079916e-13
x(16,10,12,01) : 1.0000000000003837
x(16,10,14,00) : -1.1934897514720433e-13
x(16,11,02,01) : 0.9999999999996865
x(16,11,10,00) : 3.135269821541442e-13
x(16,12,04,00) : 2.807436822698556e-13
x(16,12,08,00) : 1.0
x(16,12,10,00) : -2.807436822698555e-13
x(16,13,02,00) : 1.000000000001283
x(16,13,10,00) : -1.2830847495592934e-12
x(16,14,06,01) : 1.1048939541069558e-12
x(16,14,11,01) : 0.9999999999989898
x(16,15,08,00) : 3.55493412484975e-13
x(16,15,10,01) : 1.0000000000009632
x(16,15,13,01) : -4.303224443447107e-13
x(16,15,14,00) : -3.554934124849751e-13
x(16,15,15,01) : -5.329889688927368e-13
x(16,16,04,01) : -2.531308496145357e-13
x(16,16,05,00) : 1.0
x(16,16,10,01) : 2.531308496145357e-13
x(16,17,02,00) : -1.6417978088156815e-12
x(16,17,10,00) : 1.0000000000016418
x(16,18,01,01) : 1.0000000000003202
x(16,18,02,01) : 1.6209256159527285e-13
x(16,18,06,01) : -3.2018832030189515e-13
x(16,18,11,00) : -1.6220358389773537e-13
x(16,19,10,00) : 1.1944611966185903e-13
x(16,19,10,01) : -4.227590499894518e-13
x(16,19,15,01) : 1.0000000000003255
x(16,20,09,00) : 1.0000000000003026
x(16,20,10,00) : -3.3934536144163453e-13
x(16,21,02,00) : -1.1468603844377867e-13
x(16,21,06,01) : 0.9999999999992888
x(16,21,08,01) : 7.112456769308532e-13
x(16,21,09,00) : 1.1457501614131615e-13
x(16,22,05,01) : 4.976019596369952e-13
x(16,22,08,01) : 0.9999999999997821
x(16,22,12,01) : -1.7319479184152442e-13
x(16,22,14,00) : -1.0645155189258349e-13
x(16,23,06,00) : 1.0000000000001723
x(16,23,10,01) : -1.723066134218243e-13
x(16,23,12,00) : -3.959055305813308e-13
x(16,23,14,00) : 3.959055305813308e-13
x(16,24,01,00) : 1.0000000000004172
x(16,24,05,01) : 3.446132268436486e-13
x(16,24,06,01) : -1.723066134218243e-13
x(16,24,09,00) : -4.1722181265413383e-13
x(16,24,11,01) : -1.723066134218243e-13
x(16,25,04,01) : 1.0000000000001723
x(16,25,14,00) : -1.723066134218243e-13
x(16,26,07,01) : 1.000000000000222
x(16,26,10,01) : 2.454703107446221e-13
x(16,26,12,01) : -4.675149156696534e-13
x(16,27,01,00) : -4.1722181265413383e-13
x(16,27,04,00) : 1.0
x(16,27,10,00) : -2.454564329568143e-13
x(16,27,10,01) : -4.1720330893705676e-13
x(16,27,12,00) : 6.626782456109481e-13
x(16,27,14,01) : 4.1722181265413383e-13
x(16,28,07,00) : 1.0
x(16,29,05,01) : 0.9999999999995697
x(16,29,13,01) : 4.303224443447107e-13
x(16,30,09,01) : 1.0
z(01,01,01) : 1.0
z(01,03,00) : 1.0000000000000542
z(01,07,01) : 1.0
z(01,09,00) : 0.9999999999999999
z(01,11,01) : 1.0
z(01,13,00) : 1.0
z(01,15,01) : 1.0000000000000007
z(01,17,00) : 1.0
z(01,19,01) : 1.0
z(01,21,00) : 1.0
z(01,23,01) : 1.0
z(01,25,00) : 1.0
z(01,25,01) : 2.9651608646846447e-13
z(01,26,00) : -2.964295475749168e-13
z(01,27,01) : 1.0
z(01,29,00) : 1.0
z(02,01,00) : 1.000000000000168
z(02,02,01) : -2.3842455268287783e-13
z(02,03,00) : -1.1046719095020308e-13
z(02,03,01) : 0.9999999999999282
z(02,05,00) : 1.0
z(02,07,01) : 1.000000000000301
z(02,09,01) : -3.1000485472115073e-13
z(02,10,01) : 1.0880185641326534e-13
z(02,11,00) : 1.0
z(02,13,01) : 1.0
z(02,15,00) : 1.0
z(02,17,01) : 1.0
z(02,18,00) : -1.6807388814044089e-13
z(02,19,00) : 1.0
z(02,21,01) : 1.0
z(02,22,00) : -2.1795561590288725e-13
z(02,23,00) : 1.0
z(02,23,01) : 1.723066134218243e-13
z(02,25,01) : 1.0
z(02,27,00) : 1.0
z(02,29,01) : 1.0
z(03,01,01) : 1.0000000000001765
z(03,02,00) : -1.765254609153999e-13
z(03,03,00) : 1.0
z(03,05,01) : 1.0
z(03,07,00) : 1.0
z(03,09,01) : 1.0
z(03,11,00) : 1.0
z(03,13,01) : 1.0
z(03,15,00) : 1.0
z(03,17,01) : 1.0
z(03,19,00) : 1.0
z(03,21,00) : -1.0691447727140257e-13
z(03,21,01) : 0.9999999999998931
z(03,22,00) : 1.7497114868092467e-13
z(03,22,01) : 2.1382895454280515e-13
z(03,23,00) : 1.0000000000000098
z(03,23,01) : -1.7497114868092467e-13
z(03,25,01) : 1.0
z(03,27,00) : 1.0
z(04,01,00) : 0.9999999999998234
z(04,02,01) : 1.766364832178624e-13
z(04,03,01) : 0.9999999999998234
z(04,05,00) : 1.0
z(04,07,01) : -3.546765455168297e-13
z(04,08,00) : 1.0000000000003546
z(04,10,01) : 1.0
z(04,12,00) : 1.0
z(04,14,01) : 1.0
z(04,16,00) : 1.0
z(04,18,01) : 1.0
z(04,20,00) : 1.0
z(04,22,01) : 1.0
z(04,24,00) : 1.0
z(04,26,01) : 1.0
z(04,29,01) : 1.0
z(05,01,01) : 1.0
z(05,03,00) : 1.0
z(05,05,01) : 1.0
z(05,07,00) : 0.9999999999999253
z(05,10,00) : -1.5110270937883523e-13
z(05,11,01) : 1.0000000000001512
z(05,12,01) : -1.5121237595394632e-13
z(05,13,00) : 1.0000000000001512
z(05,14,00) : -1.3367085216486885e-13
z(05,15,00) : 1.0680345496894006e-13
z(05,15,01) : 0.9999999999998932
z(05,17,00) : 1.0
z(05,19,01) : 1.0
z(05,21,00) : 1.0
z(05,23,01) : 1.0
z(05,25,00) : 1.0
z(05,27,01) : 1.0
z(05,29,00) : 1.0
z(06,01,00) : 1.0
z(06,03,01) : 1.0
z(06,05,00) : 1.0
z(06,07,01) : 1.0
z(06,09,00) : 1.0
z(06,11,01) : 1.0
z(06,13,00) : 1.0
z(06,15,01) : 1.0
z(06,17,00) : 0.9999999999999998
z(06,20,00) : 1.0
z(06,22,01) : 1.0
z(06,25,01) : 1.0
z(06,27,00) : 1.0
z(06,29,01) : 1.0
z(07,01,01) : 1.0000000000000462
z(07,02,00) : 2.2148949341271873e-13
z(07,04,01) : 1.0
z(07,06,00) : 1.0
z(07,08,01) : 1.0
z(07,10,00) : 1.0
z(07,12,01) : 1.0
z(07,14,00) : 1.0
z(07,16,01) : 1.0
z(07,18,00) : 1.0
z(07,20,01) : 1.0
z(07,22,00) : 0.9999999999999706
z(07,24,01) : 1.0
z(07,26,00) : 0.9999999999998452
z(07,29,00) : 1.0
z(08,01,00) : 1.0
z(08,03,01) : 1.0
z(08,05,00) : 1.0000000000000002
z(08,07,01) : 1.0
z(08,09,00) : 1.0
z(08,11,01) : 1.0
z(08,13,00) : 1.0
z(08,15,01) : 1.0
z(08,17,00) : 1.0
z(08,19,01) : 1.0
z(08,21,00) : 1.0
z(08,23,01) : 1.0
z(08,26,01) : 2.454564329568143e-13
z(08,27,00) : 0.9999999999997545
z(08,29,01) : 1.0
z(09,01,01) : 1.0
z(09,03,00) : 1.0
z(09,05,01) : 1.0
z(09,07,00) : 1.0
z(09,09,01) : 1.0
z(09,11,00) : 1.0
z(09,13,01) : 0.9999999999999631
z(09,15,00) : 1.0
z(09,17,01) : 1.0
z(09,19,00) : 1.5143442055887135e-13
z(09,21,00) : 0.9999999999998854
z(09,23,01) : 1.0
z(09,25,00) : 1.0
z(09,27,01) : 1.0
z(09,29,00) : 1.0
z(10,01,00) : 0.9999999999999286
z(10,03,01) : 1.0
z(10,07,00) : 1.0
z(10,09,01) : 1.0000000000000004
z(10,11,00) : 1.0
z(10,12,00) : -1.5121237595394632e-13
z(10,13,01) : 1.0000000000001512
z(10,15,00) : 1.0
z(10,17,01) : 1.0
z(10,19,00) : 1.000000000000018
z(10,21,01) : 1.0
z(10,23,00) : 1.0
z(10,25,01) : 1.0
z(10,26,01) : -2.4558133304708463e-13
z(10,27,00) : 1.0000000000002454
z(10,29,01) : 1.0
z(11,01,01) : 0.9999999999998057
z(11,02,00) : 1.942890293094024e-13
z(11,03,00) : 1.0
z(11,05,01) : 1.0
z(11,08,01) : 1.000000000000099
z(11,09,00) : -1.6167900815369823e-13
z(11,10,00) : 1.0
z(11,12,01) : 1.0
z(11,14,00) : 1.0
z(11,16,01) : 0.9999999999999489
z(11,17,00) : 3.086420008457935e-13
z(11,18,00) : 1.0
z(11,18,01) : -2.5712765250318625e-13
z(11,20,01) : 1.0
z(11,22,00) : 1.0
z(11,25,00) : 1.0
z(11,27,01) : 1.0
z(11,29,00) : 1.0
z(12,01,00) : 0.9999999999998246
z(12,02,01) : 1.7538559541825848e-13
z(12,03,01) : 1.0
z(12,05,00) : 1.0
z(12,07,01) : 1.0
z(12,09,00) : 1.0
z(12,11,01) : 1.0
z(12,13,00) : 1.0
z(12,15,01) : 1.0
z(12,17,00) : 1.0
z(12,19,01) : 1.0
z(12,21,00) : 1.0000000000000908
z(12,23,01) : 1.0
z(12,25,00) : 1.0000000000000466
z(12,27,01) : 1.0
z(13,01,01) : 1.0
z(13,03,00) : 0.9999999999999999
z(13,05,01) : 1.0
z(13,07,00) : 1.0
z(13,09,01) : 1.0
z(13,11,00) : 1.0
z(13,13,01) : 1.0
z(13,15,00) : 1.0
z(13,17,01) : 1.0
z(13,19,00) : 1.0
z(13,21,01) : 1.0
z(13,23,00) : 1.0
z(13,27,01) : 1.0
z(13,29,00) : 1.0
z(14,01,00) : 1.0
z(14,03,01) : 1.0
z(14,05,00) : 1.0
z(14,06,00) : 1.6853185513809876e-13
z(14,07,00) : -1.6860316658965346e-13
z(14,07,01) : 1.0
z(14,08,00) : -5.858249792437873e-13
z(14,09,01) : 4.1722181265413383e-13
z(14,10,01) : 0.9999999999999999
z(14,12,00) : 1.0
z(14,14,00) : 1.4033219031261979e-13
z(14,14,01) : 1.0000000000001552
z(14,15,00) : -1.5520917884259688e-13
z(14,16,00) : 1.0
z(14,18,01) : 1.0
z(14,20,00) : 1.0000000000001212
z(14,21,01) : -1.2112533198660458e-13
z(14,22,01) : 1.000000000000283
z(14,23,00) : -2.12765702651916e-13
z(14,24,00) : 1.0000000000001634
z(14,25,00) : 1.213473765915296e-13
z(14,25,01) : -1.723066134218243e-13
z(14,26,01) : 1.0
z(14,28,00) : 1.0
z(15,01,01) : 1.00000000000011
z(15,02,00) : -1.5765166949677223e-13
z(15,03,00) : 1.0
z(15,05,01) : 1.0
z(15,07,00) : 1.0
z(15,10,00) : 1.0
z(15,12,01) : 1.0000000000000002
z(15,14,00) : 1.0
z(15,16,01) : 1.0
z(15,18,00) : 1.0
z(15,19,00) : -1.325606291402437e-13
z(15,20,01) : 1.0000000000001044
z(15,21,01) : -1.325606291402437e-13
z(15,22,00) : 1.0000000000001223
z(15,22,01) : -1.716404796070492e-13
z(15,23,01) : -1.6153745008296028e-13
z(15,24,01) : 1.0000000000001614
z(15,26,00) : 1.0
z(15,28,01) : 1.0
z(16,01,00) : 0.9999999999999958
z(16,04,00) : 1.0
z(16,06,01) : 1.0
z(16,08,00) : 1.0000000000001545
z(16,08,01) : -1.6156000535546008e-13
z(16,09,01) : -1.5455102552359742e-13
z(16,10,01) : 0.9999999999996865
z(16,11,00) : 3.135269821541442e-13
z(16,12,00) : 1.0
z(16,14,01) : 1.0
z(16,16,00) : 1.0
z(16,17,01) : 1.6209256159527285e-13
z(16,18,00) : -1.6209256159527285e-13
z(16,18,01) : 0.9999999999999027
z(16,19,00) : 1.1944611966185903e-13
z(16,21,01) : 1.0
z(16,23,00) : 1.0000000000001723
z(16,24,00) : -1.723066134218243e-13
z(16,25,01) : 1.0000000000001723
z(16,27,00) : 1.0
z(16,29,01) : 1.0
:223.99999999999932
73093.92921972275
