x(01,01,02,01) : 1.0
x(01,02,04,01) : 1.0
x(01,03,14,00) : 1.0
x(01,04,24,00) : 1.0
x(01,05,26,01) : 1.0
x(01,06,06,01) : 1.0
x(01,07,26,00) : 1.0
x(01,08,28,00) : 1.0
x(01,09,08,01) : 1.0
x(01,10,19,01) : 1.0
x(01,11,16,00) : 1.0
x(01,12,06,00) : 1.0
x(01,13,18,01) : 1.0
x(01,14,11,01) : 1.0
x(01,15,18,00) : 1.0
x(01,16,03,00) : 1.0
x(01,17,12,01) : 1.0
x(01,18,17,01) : 1.0
x(01,19,12,00) : 1.0
x(01,20,15,00) : 1.0
x(01,21,22,01) : 1.0
x(01,22,03,01) : 1.0
x(01,23,04,00) : 1.0
x(01,24,08,00) : 1.0
x(01,25,16,01) : 1.0
x(01,26,15,01) : 1.0
x(01,27,27,00) : 1.0
x(01,28,11,00) : 1.0
x(01,29,24,01) : 1.0
x(01,30,13,01) : 1.0
x(01,31,19,00) : 1.0
x(01,32,17,00) : 1.0
x(01,33,27,01) : 1.0
x(01,34,25,00) : 1.0
x(01,35,09,01) : 1.0
x(01,36,05,01) : 1.0
x(01,37,21,00) : 1.0
x(01,38,23,00) : 1.0
x(01,39,25,01) : 1.0
x(01,40,21,01) : 1.0
x(01,41,07,00) : 1.0
x(01,42,05,00) : 1.0
x(01,43,23,01) : 1.0
x(01,44,10,01) : 1.0
x(01,45,13,00) : 1.0
x(01,46,10,00) : 1.0
x(01,47,07,01) : 1.0
x(01,48,28,01) : 0.9999999999999991
x(01,49,09,00) : 1.0
x(01,50,22,00) : 1.0
x(01,51,20,01) : 1.0
x(01,52,14,01) : 1.0
x(01,53,20,00) : 1.0
x(01,54,02,00) : 1.0
x(02,01,01,00) : 1.0
x(02,02,03,00) : 1.0
x(02,03,13,01) : 1.0
x(02,04,23,01) : 1.0
x(02,05,25,00) : 1.0
x(02,06,05,00) : 1.0
x(02,07,25,01) : 1.0
x(02,08,27,01) : 1.0
x(02,09,07,00) : 1.0
x(02,10,20,00) : 1.0
x(02,11,15,01) : 1.0
x(02,12,05,01) : 1.0
x(02,13,17,00) : 1.0
x(02,14,12,00) : 1.0
x(02,15,17,01) : 1.0
x(02,16,04,01) : 1.0
x(02,17,11,00) : 1.0
x(02,18,18,00) : 1.0
x(02,19,11,01) : 1.0
x(02,20,16,01) : 1.0
x(02,21,21,00) : 1.0
x(02,22,04,00) : 1.0
x(02,23,03,01) : 1.0
x(02,24,07,01) : 1.0
x(02,25,15,00) : 1.0
x(02,26,16,00) : 1.0
x(02,27,28,01) : 1.0
x(02,28,12,01) : 1.0
x(02,29,23,00) : 1.0
x(02,30,14,00) : 1.0
x(02,31,20,01) : 1.0
x(02,32,18,01) : 1.0
x(02,33,28,00) : 1.0
x(02,34,26,01) : 1.0
x(02,35,10,00) : 1.0
x(02,36,06,00) : 1.0
x(02,37,22,01) : 1.0
x(02,38,24,01) : 1.0
x(02,39,26,00) : 1.0
x(02,40,22,00) : 1.0
x(02,41,08,01) : 1.0
x(02,42,06,01) : 1.0
x(02,43,24,00) : 1.0
x(02,44,09,00) : 1.0
x(02,45,14,01) : 1.0
x(02,46,09,01) : 1.0
x(02,47,08,00) : 1.0
x(02,48,27,00) : 0.9999999999999991
x(02,49,10,01) : 1.0
x(02,50,21,01) : 1.0
x(02,51,19,00) : 1.0
x(02,52,13,00) : 1.0
x(02,53,19,01) : 1.0
x(02,54,01,01) : 1.0
x(03,01,04,01) : 1.0
x(03,02,02,01) : 1.0
x(03,03,24,00) : 1.0
x(03,04,09,01) : 1.0
x(03,05,14,01) : 1.0
x(03,06,13,00) : 1.0
x(03,07,22,00) : 1.0
x(03,08,17,01) : 1.0
x(03,09,06,01) : 1.0
x(03,10,09,00) : 1.0
x(03,11,10,00) : 1.0
x(03,12,25,01) : 0.9999999999999996
x(03,13,08,01) : 1.0
x(03,14,23,00) : 1.0
x(03,15,26,00) : 1.0
x(03,16,01,01) : 1.0
x(03,17,22,01) : 1.0
x(03,18,21,00) : 1.0
x(03,19,19,00) : 1.0
x(03,20,27,01) : 1.0
x(03,21,18,01) : 1.0
x(03,22,01,00) : 1.0
x(03,23,02,00) : 1.0
x(03,24,05,01) : 1.0
x(03,25,24,01) : 1.0
x(03,26,07,00) : 1.0
x(03,27,12,00) : 1.0
x(03,28,20,01) : 1.0
x(03,29,10,01) : 1.0
x(03,30,25,00) : 1.0
x(03,31,27,00) : 1.0000000000000009
x(03,32,21,01) : 1.0
x(03,33,19,01) : 1.0
x(03,34,16,00) : 1.0
x(03,35,15,00) : 1.0
x(03,36,16,01) : 1.0
x(03,37,26,01) : 1.0
x(03,38,05,00) : 1.0
x(03,39,08,00) : 1.0
x(03,40,23,01) : 0.9999999999999991
x(03,41,15,01) : 1.0
x(03,42,28,00) : 1.0
x(03,43,06,00) : 1.0
x(03,44,07,01) : 1.0
x(03,45,17,00) : 1.0
x(03,46,14,00) : 1.0
x(03,47,11,01) : 1.0
x(03,48,12,01) : 1.0
x(03,49,20,00) : 1.0
x(03,50,18,00) : 1.0
x(03,51,13,01) : 1.0
x(03,52,28,01) : 1.0
x(03,53,11,00) : 1.0
x(03,54,04,00) : 1.0
x(04,01,03,00) : 1.0
x(04,02,01,00) : 1.0
x(04,03,23,01) : 1.0
x(04,04,10,00) : 1.0
x(04,05,13,00) : 1.0
x(04,06,14,01) : 1.0
x(04,07,21,01) : 1.0
x(04,08,18,00) : 1.0
x(04,09,05,00) : 1.0
x(04,10,10,01) : 1.0
x(04,11,09,01) : 1.0
x(04,12,26,00) : 0.9999999999999996
x(04,13,07,00) : 1.0
x(04,14,24,01) : 1.0
x(04,15,25,01) : 1.0
x(04,16,02,00) : 1.0
x(04,17,21,00) : 1.0
x(04,18,22,01) : 1.0
x(04,19,20,01) : 1.0
x(04,20,28,00) : 1.0
x(04,21,17,00) : 1.0
x(04,22,02,01) : 1.0
x(04,23,01,01) : 1.0
x(04,24,06,00) : 1.0
x(04,25,23,00) : 1.0
x(04,26,08,01) : 1.0
x(04,27,11,01) : 1.0
x(04,28,19,00) : 1.0
x(04,29,09,00) : 1.0
x(04,30,26,01) : 1.0
x(04,31,28,01) : 1.0000000000000009
x(04,32,22,00) : 1.0
x(04,33,20,00) : 1.0
x(04,34,15,01) : 1.0
x(04,35,16,01) : 1.0
x(04,36,15,00) : 1.0
x(04,37,25,00) : 1.0
x(04,38,06,01) : 1.0
x(04,39,07,01) : 1.0
x(04,40,24,00) : 0.9999999999999991
x(04,41,16,00) : 1.0
x(04,42,27,01) : 1.0
x(04,43,05,01) : 1.0
x(04,44,08,00) : 1.0
x(04,45,18,01) : 1.0
x(04,46,13,01) : 1.0
x(04,47,12,00) : 1.0
x(04,48,11,00) : 1.0
x(04,49,19,01) : 1.0
x(04,50,17,01) : 1.0
x(04,51,14,00) : 1.0
x(04,52,27,00) : 1.0
x(04,53,12,01) : 1.0
x(04,54,03,01) : 1.0
x(05,01,06,01) : 1.0
x(05,02,24,01) : 1.0
x(05,03,20,00) : 1.0
x(05,04,28,00) : 1.0
x(05,05,20,01) : 1.0
x(05,06,02,01) : 1.0
x(05,07,10,00) : 1.0
x(05,08,06,00) : 1.0
x(05,09,04,01) : 1.0
x(05,10,17,01) : 1.0
x(05,11,22,00) : 1.0
x(05,12,02,00) : 1.0
x(05,13,28,01) : 1.0
x(05,14,08,01) : 1.0
x(05,15,12,00) : 1.0
x(05,16,24,00) : 1.0
x(05,17,10,01) : 1.0
x(05,18,13,01) : 0.9999999999999997
x(05,19,14,00) : 1.0
x(05,20,13,00) : 0.9999999999999991
x(05,21,26,01) : 1.0
x(05,22,15,01) : 1.0
x(05,23,18,00) : 1.0
x(05,24,03,00) : 1.0
x(05,25,22,01) : 1.0
x(05,26,09,01) : 1.0
x(05,27,16,00) : 1.0
x(05,28,17,00) : 1.0
x(05,29,16,01) : 1.0
x(05,30,27,01) : 1.0
x(05,31,08,00) : 1.0
x(05,32,15,00) : 1.0
x(05,33,12,01) : 1.0
x(05,34,11,01) : 0.9999999999999997
x(05,35,27,00) : 1.0
x(05,36,01,00) : 1.0
x(05,37,18,01) : 1.0
x(05,38,03,01) : 1.0
x(05,39,19,00) : 1.0
x(05,40,09,00) : 1.0
x(05,41,14,01) : 1.0
x(05,42,01,01) : 1.0
x(05,43,04,00) : 1.0
x(05,44,11,00) : 1.0
x(05,45,19,01) : 1.0
x(05,46,23,01) : 1.0
x(05,47,25,00) : 1.0
x(05,48,23,00) : 1.0
x(05,49,25,01) : 1.0
x(05,50,07,01) : 1.0
x(05,51,21,00) : 1.0
x(05,52,07,00) : 0.9999999999999978
x(05,53,21,01) : 1.0
x(05,54,26,00) : 1.0
x(06,01,05,00) : 1.0
x(06,02,23,00) : 1.0
x(06,03,19,01) : 1.0
x(06,04,27,01) : 1.0
x(06,05,19,00) : 1.0
x(06,06,01,00) : 1.0
x(06,07,09,01) : 1.0
x(06,08,05,01) : 1.0
x(06,09,03,00) : 1.0
x(06,10,18,00) : 1.0
x(06,11,21,01) : 1.0
x(06,12,01,01) : 1.0
x(06,13,27,00) : 1.0
x(06,14,07,00) : 1.0
x(06,15,11,01) : 1.0
x(06,16,23,01) : 1.0
x(06,17,09,00) : 1.0
x(06,18,14,00) : 0.9999999999999997
x(06,19,13,01) : 1.0
x(06,20,14,01) : 0.9999999999999991
x(06,21,25,00) : 1.0
x(06,22,16,00) : 1.0
x(06,23,17,01) : 1.0
x(06,24,04,01) : 1.0
x(06,25,21,00) : 1.0
x(06,26,10,00) : 1.0
x(06,27,15,01) : 1.0
x(06,28,18,01) : 1.0
x(06,29,15,00) : 1.0
x(06,30,28,00) : 1.0
x(06,31,07,01) : 1.0
x(06,32,16,01) : 1.0
x(06,33,11,00) : 1.0
x(06,34,12,00) : 0.9999999999999997
x(06,35,28,01) : 1.0
x(06,36,02,01) : 1.0
x(06,37,17,00) : 1.0
x(06,38,04,00) : 1.0
x(06,39,20,01) : 1.0
x(06,40,10,01) : 1.0
x(06,41,13,00) : 1.0
x(06,42,02,00) : 1.0
x(06,43,03,01) : 1.0
x(06,44,12,01) : 1.0
x(06,45,20,00) : 1.0
x(06,46,24,00) : 1.0
x(06,47,26,01) : 1.0
x(06,48,24,01) : 1.0
x(06,49,26,00) : 1.0
x(06,50,08,00) : 1.0
x(06,51,22,01) : 1.0
x(06,52,08,01) : 0.9999999999999978
x(06,53,22,00) : 1.0
x(06,54,25,01) : 1.0
x(07,01,08,01) : 1.0
x(07,02,20,01) : 1.0
x(07,03,26,00) : 1.0
x(07,04,14,00) : 1.0
x(07,05,18,01) : 1.0
x(07,06,22,01) : 0.999999999999998
x(07,07,20,00) : 1.0
x(07,08,08,00) : 1.0
x(07,09,02,01) : 1.0
x(07,10,26,01) : 1.0
x(07,11,12,00) : 1.0
x(07,12,22,00) : 1.0
x(07,13,04,01) : 1.0
x(07,14,06,01) : 1.0
x(07,15,10,00) : 1.0
x(07,16,17,00) : 1.0
x(07,17,16,01) : 0.9999999999999982
x(07,18,11,01) : 1.0
x(07,19,18,00) : 1.0
x(07,20,09,00) : 1.0
x(07,21,28,01) : 1.0
x(07,22,17,01) : 1.0
x(07,23,28,00) : 1.0
x(07,24,02,00) : 1.0
x(07,25,14,01) : 1.0
x(07,26,03,01) : 1.0
x(07,27,19,00) : 1.0
x(07,28,15,00) : 1.0
x(07,29,19,01) : 1.0
x(07,30,15,01) : 1.0
x(07,31,06,00) : 1.0
x(07,32,11,00) : 1.0
x(07,33,10,01) : 1.0
x(07,34,13,01) : 1.0
x(07,35,24,00) : 1.0
x(07,36,13,00) : 1.0
x(07,37,24,01) : 1.0
x(07,38,09,01) : 1.0
x(07,39,04,00) : 1.0
x(07,40,25,00) : 1.0
x(07,41,01,01) : 1.0
x(07,42,25,01) : 1.0
x(07,43,27,00) : 1.0
x(07,44,03,00) : 1.0
x(07,45,12,01) : 1.0
x(07,46,21,01) : 1.0
x(07,47,01,00) : 1.0
x(07,48,21,00) : 1.0
x(07,49,27,01) : 1.0
x(07,50,05,00) : 1.0
x(07,51,23,00) : 1.0
x(07,52,05,01) : 0.9999999999999978
x(07,53,23,01) : 1.0
x(07,54,16,00) : 1.0
x(08,01,07,00) : 1.0
x(08,02,19,00) : 1.0
x(08,03,25,01) : 1.0
x(08,04,13,01) : 1.0
x(08,05,17,00) : 1.0
x(08,06,21,00) : 0.999999999999998
x(08,07,19,01) : 1.0
x(08,08,07,01) : 1.0
x(08,09,01,00) : 1.0
x(08,10,25,00) : 1.0
x(08,11,11,01) : 1.0
x(08,12,21,01) : 1.0
x(08,13,03,00) : 1.0
x(08,14,05,00) : 1.0
x(08,15,09,01) : 1.0
x(08,16,18,01) : 1.0
x(08,17,15,00) : 0.9999999999999982
x(08,18,12,00) : 1.0
x(08,19,17,01) : 1.0
x(08,20,10,01) : 1.0
x(08,21,27,00) : 1.0
x(08,22,18,00) : 1.0
x(08,23,27,01) : 1.0
x(08,24,01,01) : 1.0
x(08,25,13,00) : 1.0
x(08,26,04,00) : 1.0
x(08,27,20,01) : 1.0
x(08,28,16,01) : 1.0
x(08,29,20,00) : 1.0
x(08,30,16,00) : 1.0
x(08,31,05,01) : 1.0
x(08,32,12,01) : 1.0
x(08,33,09,00) : 1.0
x(08,34,14,00) : 1.0
x(08,35,23,01) : 1.0
x(08,36,14,01) : 1.0
x(08,37,23,00) : 1.0
x(08,38,10,00) : 1.0
x(08,39,03,01) : 1.0
x(08,40,26,01) : 1.0
x(08,41,02,00) : 1.0
x(08,42,26,00) : 1.0
x(08,43,28,01) : 1.0
x(08,44,04,01) : 1.0
x(08,45,11,00) : 1.0
x(08,46,22,00) : 1.0
x(08,47,02,01) : 1.0
x(08,48,22,01) : 1.0
x(08,49,28,00) : 1.0
x(08,50,06,01) : 1.0
x(08,51,24,01) : 1.0
x(08,52,06,00) : 0.9999999999999978
x(08,53,24,00) : 1.0
x(08,54,15,01) : 1.0
x(09,01,10,01) : 1.0
x(09,02,15,01) : 1.0
x(09,03,12,00) : 1.0
x(09,04,03,00) : 1.0
x(09,05,28,01) : 1.0
x(09,06,11,01) : 0.9999999999999999
x(09,07,06,00) : 1.0
x(09,08,19,00) : 1.0
x(09,09,14,01) : 1.0
x(09,10,03,01) : 1.0
x(09,11,04,00) : 1.0
x(09,12,11,00) : 1.0
x(09,13,19,01) : 1.0
x(09,14,13,01) : 1.0
x(09,15,08,00) : 1.0
x(09,16,13,00) : 1.0
x(09,17,06,01) : 1.0
x(09,18,27,00) : 1.0
x(09,19,24,00) : 1.0
x(09,20,07,01) : 1.0
x(09,21,24,01) : 1.0
x(09,22,23,00) : 1.0
x(09,23,26,00) : 1.0
x(09,24,25,01) : 1.0
x(09,25,26,01) : 1.0
x(09,26,05,00) : 1.0
x(09,27,22,00) : 1.0
x(09,28,23,01) : 1.0
x(09,29,04,01) : 1.0
x(09,30,20,00) : 1.0
x(09,31,16,00) : 1.0
x(09,32,20,01) : 1.0
x(09,33,08,01) : 1.0
x(09,34,21,00) : 1.0
x(09,35,01,00) : 1.0
x(09,36,21,01) : 1.0
x(09,37,12,01) : 1.0
x(09,38,07,00) : 1.0
x(09,39,14,00) : 1.0
x(09,40,05,01) : 1.0
x(09,41,22,01) : 1.0
x(09,42,10,00) : 1.0
x(09,43,15,00) : 1.0
x(09,44,02,01) : 1.0
x(09,45,27,01) : 1.0
x(09,46,02,00) : 1.0
x(09,47,17,00) : 1.0
x(09,48,16,01) : 1.0
x(09,49,01,01) : 1.0
x(09,50,28,00) : 1.0
x(09,51,25,00) : 1.0
x(09,52,18,01) : 1.0
x(09,53,17,01) : 1.0
x(09,54,18,00) : 1.0
x(10,01,09,00) : 1.0
x(10,02,16,00) : 1.0
x(10,03,11,01) : 1.0
x(10,04,04,01) : 1.0
x(10,05,27,00) : 1.0
x(10,06,12,00) : 0.9999999999999999
x(10,07,05,01) : 1.0
x(10,08,20,01) : 1.0
x(10,09,13,00) : 1.0
x(10,10,04,00) : 1.0
x(10,11,03,01) : 1.0
x(10,12,12,01) : 1.0
x(10,13,20,00) : 1.0
x(10,14,14,00) : 1.0
x(10,15,07,01) : 1.0
x(10,16,14,01) : 1.0
x(10,17,05,00) : 1.0
x(10,18,28,01) : 1.0
x(10,19,23,01) : 1.0
x(10,20,08,00) : 1.0
x(10,21,23,00) : 1.0
x(10,22,24,01) : 1.0
x(10,23,25,01) : 1.0
x(10,24,26,00) : 1.0
x(10,25,25,00) : 1.0
x(10,26,06,01) : 1.0
x(10,27,21,01) : 1.0
x(10,28,24,00) : 1.0
x(10,29,03,00) : 1.0
x(10,30,19,01) : 1.0
x(10,31,15,01) : 1.0
x(10,32,19,00) : 1.0
x(10,33,07,00) : 1.0
x(10,34,22,01) : 1.0
x(10,35,02,01) : 1.0
x(10,36,22,00) : 1.0
x(10,37,11,00) : 1.0
x(10,38,08,01) : 1.0
x(10,39,13,01) : 1.0
x(10,40,06,00) : 1.0
x(10,41,21,00) : 1.0
x(10,42,09,01) : 1.0
x(10,43,16,01) : 1.0
x(10,44,01,00) : 1.0
x(10,45,28,00) : 1.0
x(10,46,01,01) : 1.0
x(10,47,18,01) : 1.0
x(10,48,15,00) : 1.0
x(10,49,02,00) : 1.0
x(10,50,27,01) : 1.0
x(10,51,26,01) : 1.0
x(10,52,17,00) : 1.0
x(10,53,18,00) : 1.0
x(10,54,17,01) : 1.0
x(11,01,12,01) : 1.0
x(11,02,17,00) : 0.9999999999999999
x(11,03,10,00) : 1.0
x(11,04,17,01) : 1.0
x(11,05,24,01) : 1.0
x(11,06,09,00) : 0.9999999999999999
x(11,07,18,00) : 0.9999999999999998
x(11,08,13,01) : 1.0
x(11,09,18,01) : 1.0
x(11,10,13,00) : 1.0
x(11,11,08,00) : 1.0
x(11,12,09,01) : 1.0
x(11,13,22,01) : 1.0
x(11,14,01,00) : 1.0
x(11,15,06,00) : 1.0
x(11,16,21,01) : 1.0
x(11,17,02,01) : 1.0
x(11,18,07,00) : 1.0
x(11,19,02,00) : 1.0
x(11,20,23,01) : 1.0
x(11,21,16,01) : 1.0
x(11,22,25,00) : 1.0
x(11,23,16,00) : 1.0
x(11,24,27,01) : 1.0
x(11,25,28,01) : 1.0
x(11,26,12,00) : 1.0
x(11,27,04,00) : 1.0
x(11,28,01,01) : 1.0
x(11,29,14,01) : 1.0
x(11,30,23,00) : 1.0
x(11,31,22,00) : 1.0
x(11,32,07,01) : 1.0
x(11,33,06,01) : 1.0
x(11,34,05,00) : 0.9999999999999997
x(11,35,19,00) : 1.0
x(11,36,25,01) : 1.0
x(11,37,10,01) : 1.0
x(11,38,21,00) : 1.0
x(11,39,27,00) : 1.0
x(11,40,20,01) : 1.0
x(11,41,19,01) : 1.0
x(11,42,20,00) : 1.0
x(11,43,14,00) : 1.0
x(11,44,05,01) : 1.0
x(11,45,08,01) : 1.0
x(11,46,28,00) : 1.0
x(11,47,03,00) : 1.0
x(11,48,04,01) : 1.0
x(11,49,15,01) : 1.0
x(11,50,26,00) : 1.0
x(11,51,15,00) : 0.9999999999999998
x(11,52,26,01) : 1.0
x(11,53,03,01) : 1.0
x(11,54,24,00) : 0.9999999999999998
x(12,01,11,00) : 1.0
x(12,02,18,01) : 0.9999999999999999
x(12,03,09,01) : 1.0
x(12,04,18,00) : 1.0
x(12,05,23,00) : 1.0
x(12,06,10,01) : 0.9999999999999999
x(12,07,17,01) : 0.9999999999999998
x(12,08,14,00) : 1.0
x(12,09,17,00) : 1.0
x(12,10,14,01) : 1.0
x(12,11,07,01) : 1.0
x(12,12,10,00) : 1.0
x(12,13,21,00) : 1.0
x(12,14,02,01) : 1.0
x(12,15,05,01) : 1.0
x(12,16,22,00) : 1.0
x(12,17,01,00) : 1.0
x(12,18,08,01) : 1.0
x(12,19,01,01) : 1.0
x(12,20,24,00) : 1.0
x(12,21,15,00) : 1.0
x(12,22,26,01) : 1.0
x(12,23,15,01) : 1.0
x(12,24,28,00) : 1.0
x(12,25,27,00) : 1.0
x(12,26,11,01) : 1.0
x(12,27,03,01) : 1.0
x(12,28,02,00) : 1.0
x(12,29,13,00) : 1.0
x(12,30,24,01) : 1.0
x(12,31,21,01) : 1.0
x(12,32,08,00) : 1.0
x(12,33,05,00) : 1.0
x(12,34,06,01) : 0.9999999999999997
x(12,35,20,01) : 1.0
x(12,36,26,00) : 1.0
x(12,37,09,00) : 1.0
x(12,38,22,01) : 1.0
x(12,39,28,01) : 1.0
x(12,40,19,00) : 1.0
x(12,41,20,00) : 1.0
x(12,42,19,01) : 1.0
x(12,43,13,01) : 1.0
x(12,44,06,00) : 1.0
x(12,45,07,00) : 1.0
x(12,46,27,01) : 1.0
x(12,47,04,01) : 1.0
x(12,48,03,00) : 1.0
x(12,49,16,00) : 1.0
x(12,50,25,01) : 1.0
x(12,51,16,01) : 0.9999999999999998
x(12,52,25,00) : 1.0
x(12,53,04,00) : 1.0
x(12,54,23,01) : 0.9999999999999998
x(13,01,14,01) : 1.0
x(13,02,26,01) : 1.0
x(13,03,02,00) : 1.0
x(13,04,08,00) : 1.0
x(13,05,04,01) : 1.0
x(13,06,03,01) : 1.0
x(13,07,28,00) : 1.0
x(13,08,11,00) : 1.0
x(13,09,10,01) : 1.0
x(13,10,11,01) : 1.0
x(13,11,19,00) : 1.0
x(13,12,17,00) : 1.0
x(13,13,16,01) : 1.0
x(13,14,09,00) : 1.0
x(13,15,24,00) : 1.0
x(13,16,09,01) : 1.0
x(13,17,24,01) : 1.0
x(13,18,05,00) : 0.9999999999999997
x(13,19,06,00) : 1.0
x(13,20,05,01) : 0.9999999999999991
x(13,21,19,01) : 1.0000000000000009
x(13,22,27,00) : 1.0000000000000009
x(13,23,22,00) : 1.0
x(13,24,21,01) : 1.0
x(13,25,08,01) : 1.0
x(13,26,23,00) : 1.0
x(13,27,26,00) : 1.0
x(13,28,25,01) : 1.0
x(13,29,12,01) : 1.0
x(13,30,01,00) : 1.0
x(13,31,14,00) : 1.0
x(13,32,23,01) : 0.9999999999999991
x(13,33,22,01) : 1.0
x(13,34,07,00) : 1.0
x(13,35,18,00) : 1.0
x(13,36,07,01) : 1.0
x(13,37,15,01) : 1.0
x(13,38,25,00) : 0.9999999999999997
x(13,39,10,00) : 1.0
x(13,40,28,01) : 1.0
x(13,41,06,01) : 1.0
x(13,42,21,00) : 1.0
x(13,43,12,00) : 1.0
x(13,44,20,01) : 1.0
x(13,45,01,01) : 1.0
x(13,46,04,00) : 1.0
x(13,47,15,00) : 1.0
x(13,48,18,01) : 1.0
x(13,49,17,01) : 1.0
x(13,50,16,00) : 1.0
x(13,51,03,00) : 1.0
x(13,52,02,01) : 1.0
x(13,53,27,01) : 1.0
x(13,54,20,00) : 1.0
x(14,01,13,00) : 1.0
x(14,02,25,00) : 1.0
x(14,03,01,01) : 1.0
x(14,04,07,01) : 1.0
x(14,05,03,00) : 1.0
x(14,06,04,00) : 1.0
x(14,07,27,01) : 1.0
x(14,08,12,01) : 1.0
x(14,09,09,00) : 1.0
x(14,10,12,00) : 1.0
x(14,11,20,01) : 1.0
x(14,12,18,01) : 1.0
x(14,13,15,00) : 1.0
x(14,14,10,01) : 1.0
x(14,15,23,01) : 1.0
x(14,16,10,00) : 1.0
x(14,17,23,00) : 1.0
x(14,18,06,01) : 0.9999999999999997
x(14,19,05,01) : 1.0
x(14,20,06,00) : 0.9999999999999991
x(14,21,20,00) : 1.0000000000000009
x(14,22,28,01) : 1.0000000000000009
x(14,23,21,01) : 1.0
x(14,24,22,00) : 1.0
x(14,25,07,00) : 1.0
x(14,26,24,01) : 1.0
x(14,27,25,01) : 1.0
x(14,28,26,00) : 1.0
x(14,29,11,00) : 1.0
x(14,30,02,01) : 1.0
x(14,31,13,01) : 1.0
x(14,32,24,00) : 0.9999999999999991
x(14,33,21,00) : 1.0
x(14,34,08,01) : 1.0
x(14,35,17,01) : 1.0
x(14,36,08,00) : 1.0
x(14,37,16,00) : 1.0
x(14,38,26,01) : 0.9999999999999997
x(14,39,09,01) : 1.0
x(14,40,27,00) : 1.0
x(14,41,05,00) : 1.0
x(14,42,22,01) : 1.0
x(14,43,11,01) : 1.0
x(14,44,19,00) : 1.0
x(14,45,02,00) : 1.0
x(14,46,03,01) : 1.0
x(14,47,16,01) : 1.0
x(14,48,17,00) : 1.0
x(14,49,18,00) : 1.0
x(14,50,15,01) : 1.0
x(14,51,04,01) : 1.0
x(14,52,01,00) : 1.0
x(14,53,28,00) : 1.0
x(14,54,19,01) : 1.0
x(15,01,16,01) : 1.0
x(15,02,09,00) : 1.0
x(15,03,28,00) : 1.0
x(15,04,25,01) : 1.0
x(15,05,22,01) : 1.0
x(15,06,17,00) : 1.0
x(15,07,24,00) : 1.0
x(15,08,21,01) : 0.9999999999999996
x(15,09,19,01) : 1.0000000000000009
x(15,10,27,00) : 1.0
x(15,11,02,00) : 1.0
x(15,12,23,01) : 1.0
x(15,13,14,01) : 1.0
x(15,14,21,00) : 1.0
x(15,15,19,00) : 1.0
x(15,16,27,01) : 1.0
x(15,17,08,01) : 0.9999999999999982
x(15,18,25,00) : 0.9999999999999997
x(15,19,22,00) : 1.0
x(15,20,01,01) : 1.0
x(15,21,12,01) : 1.0
x(15,22,05,00) : 1.0
x(15,23,12,00) : 1.0
x(15,24,20,01) : 1.0
x(15,25,02,01) : 1.0
x(15,26,01,00) : 1.0
x(15,27,06,00) : 1.0
x(15,28,07,01) : 1.0
x(15,29,06,01) : 1.0
x(15,30,07,00) : 1.0
x(15,31,10,00) : 1.0
x(15,32,05,01) : 1.0
x(15,33,26,01) : 1.0
x(15,34,04,00) : 1.0
x(15,35,03,01) : 1.0
x(15,36,04,01) : 1.0
x(15,37,13,00) : 1.0
x(15,38,20,00) : 1.0
x(15,39,17,01) : 1.0
x(15,40,18,01) : 1.0
x(15,41,03,00) : 1.0
x(15,42,16,00) : 1.0
x(15,43,09,01) : 1.0
x(15,44,28,01) : 1.0
x(15,45,23,00) : 1.0
x(15,46,18,00) : 1.0
x(15,47,13,01) : 1.0
x(15,48,10,01) : 1.0
x(15,49,11,00) : 1.0
x(15,50,14,00) : 1.0
x(15,51,11,01) : 0.9999999999999998
x(15,52,24,01) : 0.9999999999999982
x(15,53,26,00) : 1.0
x(15,54,08,00) : 1.0
x(16,01,15,00) : 1.0
x(16,02,10,01) : 1.0
x(16,03,27,01) : 1.0
x(16,04,26,00) : 1.0
x(16,05,21,00) : 1.0
x(16,06,18,01) : 1.0
x(16,07,23,01) : 1.0
x(16,08,22,00) : 0.9999999999999996
x(16,09,20,00) : 1.0000000000000009
x(16,10,28,01) : 1.0
x(16,11,01,01) : 1.0
x(16,12,24,00) : 1.0
x(16,13,13,00) : 1.0
x(16,14,22,01) : 1.0
x(16,15,20,01) : 1.0
x(16,16,28,00) : 1.0
x(16,17,07,00) : 0.9999999999999982
x(16,18,26,01) : 0.9999999999999997
x(16,19,21,01) : 1.0
x(16,20,02,00) : 1.0
x(16,21,11,00) : 1.0
x(16,22,06,01) : 1.0
x(16,23,11,01) : 1.0
x(16,24,19,00) : 1.0
x(16,25,01,00) : 1.0
x(16,26,02,01) : 1.0
x(16,27,05,01) : 1.0
x(16,28,08,00) : 1.0
x(16,29,05,00) : 1.0
x(16,30,08,01) : 1.0
x(16,31,09,01) : 1.0
x(16,32,06,00) : 1.0
x(16,33,25,00) : 1.0
x(16,34,03,01) : 1.0
x(16,35,04,00) : 1.0
x(16,36,03,00) : 1.0
x(16,37,14,01) : 1.0
x(16,38,19,01) : 1.0
x(16,39,18,00) : 1.0
x(16,40,17,00) : 1.0
x(16,41,04,01) : 1.0
x(16,42,15,01) : 1.0
x(16,43,10,00) : 1.0
x(16,44,27,00) : 1.0
x(16,45,24,01) : 1.0
x(16,46,17,01) : 1.0
x(16,47,14,00) : 1.0
x(16,48,09,00) : 1.0
x(16,49,12,01) : 1.0
x(16,50,13,01) : 1.0
x(16,51,12,00) : 0.9999999999999998
x(16,52,23,00) : 0.9999999999999982
x(16,53,25,01) : 1.0
x(16,54,07,01) : 1.0
x(17,01,18,01) : 1.0
x(17,02,11,01) : 0.9999999999999999
x(17,03,22,00) : 1.0
x(17,04,11,00) : 1.0
x(17,05,08,01) : 1.0
x(17,06,15,01) : 1.0
x(17,07,12,00) : 0.9999999999999998
x(17,08,03,00) : 1.0
x(17,09,12,01) : 1.0
x(17,10,05,00) : 1.0
x(17,11,18,00) : 1.0
x(17,12,13,01) : 1.0
x(17,13,02,01) : 1.0
x(17,14,27,00) : 1.0000000000000009
x(17,15,02,00) : 1.0
x(17,16,07,01) : 1.0
x(17,17,26,01) : 1.0
x(17,18,01,00) : 1.0
x(17,19,08,00) : 1.0
x(17,20,25,01) : 1.0
x(17,21,04,01) : 1.0
x(17,22,07,00) : 1.0
x(17,23,06,00) : 1.0
x(17,24,23,01) : 1.0
x(17,25,19,01) : 0.9999999999999998
x(17,26,25,00) : 1.0
x(17,27,24,00) : 1.0
x(17,28,05,01) : 1.0
x(17,29,22,01) : 1.0
x(17,30,21,00) : 1.0
x(17,31,26,00) : 1.0
x(17,32,01,01) : 1.0
x(17,33,24,01) : 1.0
x(17,34,20,00) : 1.0
x(17,35,14,00) : 1.0
x(17,36,20,01) : 1.0
x(17,37,06,01) : 1.0
x(17,38,28,00) : 1.0
x(17,39,15,00) : 1.0
x(17,40,16,01) : 1.0
x(17,41,27,01) : 1.0
x(17,42,23,00) : 1.0000000000000004
x(17,43,19,00) : 1.0
x(17,44,21,01) : 1.0
x(17,45,03,01) : 1.0
x(17,46,16,00) : 1.0
x(17,47,09,01) : 1.0
x(17,48,14,01) : 1.0
x(17,49,13,00) : 1.0
x(17,50,04,00) : 1.0
x(17,51,28,01) : 0.9999999999999996
x(17,52,10,01) : 1.0
x(17,53,09,00) : 1.0
x(17,54,10,00) : 1.0
x(18,01,17,00) : 1.0
x(18,02,12,00) : 0.9999999999999999
x(18,03,21,01) : 1.0
x(18,04,12,01) : 1.0
x(18,05,07,00) : 1.0
x(18,06,16,00) : 1.0
x(18,07,11,01) : 0.9999999999999998
x(18,08,04,01) : 1.0
x(18,09,11,00) : 1.0
x(18,10,06,01) : 1.0
x(18,11,17,01) : 1.0
x(18,12,14,00) : 1.0
x(18,13,01,00) : 1.0
x(18,14,28,01) : 1.0000000000000009
x(18,15,01,01) : 1.0
x(18,16,08,00) : 1.0
x(18,17,25,00) : 1.0
x(18,18,02,01) : 1.0
x(18,19,07,01) : 1.0
x(18,20,26,00) : 1.0
x(18,21,03,00) : 1.0
x(18,22,08,01) : 1.0
x(18,23,05,01) : 1.0
x(18,24,24,00) : 1.0
x(18,25,20,00) : 0.9999999999999998
x(18,26,26,01) : 1.0
x(18,27,23,01) : 1.0
x(18,28,06,00) : 1.0
x(18,29,21,00) : 1.0
x(18,30,22,01) : 1.0
x(18,31,25,01) : 1.0
x(18,32,02,00) : 1.0
x(18,33,23,00) : 1.0
x(18,34,19,01) : 1.0
x(18,35,13,01) : 1.0
x(18,36,19,00) : 1.0
x(18,37,05,00) : 1.0
x(18,38,27,01) : 1.0
x(18,39,16,01) : 1.0
x(18,40,15,00) : 1.0
x(18,41,28,00) : 1.0
x(18,42,24,01) : 1.0000000000000004
x(18,43,20,01) : 1.0
x(18,44,22,00) : 1.0
x(18,45,04,00) : 1.0
x(18,46,15,01) : 1.0
x(18,47,10,00) : 1.0
x(18,48,13,00) : 1.0
x(18,49,14,01) : 1.0
x(18,50,03,01) : 1.0
x(18,51,27,00) : 0.9999999999999996
x(18,52,09,00) : 1.0
x(18,53,10,01) : 1.0
x(18,54,09,01) : 1.0
x(19,01,20,01) : 1.0
x(19,02,08,01) : 1.0
x(19,03,06,00) : 1.0
x(19,04,22,00) : 1.0
x(19,05,06,01) : 1.0
x(19,06,24,01) : 1.0
x(19,07,08,00) : 1.0
x(19,08,09,01) : 1.0
x(19,09,15,00) : 1.0000000000000009
x(19,10,01,00) : 1.0
x(19,11,13,01) : 1.0
x(19,12,27,01) : 1.0
x(19,13,09,00) : 1.0
x(19,14,25,00) : 1.0
x(19,15,15,01) : 1.0
x(19,16,25,01) : 1.0
x(19,17,27,00) : 1.0
x(19,18,23,00) : 1.0
x(19,19,03,01) : 1.0
x(19,20,21,01) : 1.0
x(19,21,13,00) : 1.0000000000000009
x(19,22,21,00) : 1.0
x(19,23,23,01) : 1.0
x(19,24,16,01) : 1.0
x(19,25,17,00) : 0.9999999999999998
x(19,26,20,00) : 1.0
x(19,27,07,01) : 1.0
x(19,28,04,01) : 1.0
x(19,29,07,00) : 1.0
x(19,30,10,00) : 1.0
x(19,31,01,01) : 1.0
x(19,32,10,01) : 1.0
x(19,33,03,00) : 1.0
x(19,34,18,00) : 1.0
x(19,35,11,01) : 1.0
x(19,36,18,01) : 1.0
x(19,37,28,00) : 1.0
x(19,38,16,00) : 1.0
x(19,39,05,01) : 1.0
x(19,40,12,01) : 1.0
x(19,41,11,00) : 1.0
x(19,42,12,00) : 1.0
x(19,43,17,01) : 1.0
x(19,44,14,01) : 1.0
x(19,45,05,00) : 1.0
x(19,46,26,00) : 1.0
x(19,47,28,01) : 1.0
x(19,48,26,01) : 1.0
x(19,49,04,00) : 1.0
x(19,50,24,00) : 1.0
x(19,51,02,01) : 1.0
x(19,52,22,01) : 1.0
x(19,53,02,00) : 1.0
x(19,54,14,00) : 1.0
x(20,01,19,00) : 1.0
x(20,02,07,00) : 1.0
x(20,03,05,01) : 1.0
x(20,04,21,01) : 1.0
x(20,05,05,00) : 1.0
x(20,06,23,00) : 1.0
x(20,07,07,01) : 1.0
x(20,08,10,00) : 1.0
x(20,09,16,01) : 1.0000000000000009
x(20,10,02,01) : 1.0
x(20,11,14,00) : 1.0
x(20,12,28,00) : 1.0
x(20,13,10,01) : 1.0
x(20,14,26,01) : 1.0
x(20,15,16,00) : 1.0
x(20,16,26,00) : 1.0
x(20,17,28,01) : 1.0
x(20,18,24,01) : 1.0
x(20,19,04,00) : 1.0
x(20,20,22,00) : 1.0
x(20,21,14,01) : 1.0000000000000009
x(20,22,22,01) : 1.0
x(20,23,24,00) : 1.0
x(20,24,15,00) : 1.0
x(20,25,18,01) : 0.9999999999999998
x(20,26,19,01) : 1.0
x(20,27,08,00) : 1.0
x(20,28,03,00) : 1.0
x(20,29,08,01) : 1.0
x(20,30,09,01) : 1.0
x(20,31,02,00) : 1.0
x(20,32,09,00) : 1.0
x(20,33,04,01) : 1.0
x(20,34,17,01) : 1.0
x(20,35,12,00) : 1.0
x(20,36,17,00) : 1.0
x(20,37,27,01) : 1.0
x(20,38,15,01) : 1.0
x(20,39,06,00) : 1.0
x(20,40,11,00) : 1.0
x(20,41,12,01) : 1.0
x(20,42,11,01) : 1.0
x(20,43,18,00) : 1.0
x(20,44,13,00) : 1.0
x(20,45,06,01) : 1.0
x(20,46,25,01) : 1.0
x(20,47,27,00) : 1.0
x(20,48,25,00) : 1.0
x(20,49,03,01) : 1.0
x(20,50,23,01) : 1.0
x(20,51,01,00) : 1.0
x(20,52,21,00) : 1.0
x(20,53,01,01) : 1.0
x(20,54,13,01) : 1.0
x(21,01,22,01) : 1.0
x(21,02,28,01) : 1.0
x(21,03,18,00) : 1.0
x(21,04,20,00) : 1.0
x(21,05,16,01) : 1.0
x(21,06,08,01) : 0.999999999999998
x(21,07,04,00) : 1.0
x(21,08,15,00) : 0.9999999999999996
x(21,09,26,01) : 0.9999999999999994
x(21,10,24,01) : 1.0
x(21,11,06,00) : 1.0
x(21,12,08,00) : 1.0
x(21,13,12,01) : 1.0
x(21,14,15,01) : 1.0
x(21,15,28,00) : 1.0
x(21,16,11,00) : 1.0
x(21,17,04,01) : 1.0
x(21,18,03,01) : 1.0
x(21,19,16,00) : 1.0
x(21,20,19,00) : 1.0
x(21,21,02,01) : 1.0
x(21,22,19,01) : 1.0
x(21,23,14,00) : 1.0
x(21,24,13,00) : 1.0
x(21,25,06,01) : 1.0
x(21,26,27,01) : 1.0
x(21,27,10,00) : 1.0
x(21,28,27,00) : 1.0
x(21,29,18,01) : 1.0
x(21,30,17,01) : 1.0
x(21,31,12,00) : 1.0
x(21,32,03,00) : 1.0
x(21,33,14,01) : 1.0
x(21,34,09,01) : 1.0
x(21,35,26,00) : 1.0
x(21,36,09,00) : 1.0
x(21,37,01,01) : 1.0
x(21,38,11,01) : 1.0
x(21,39,24,00) : 1.0
x(21,40,01,00) : 1.0
x(21,41,10,01) : 1.0
x(21,42,13,01) : 1.0
x(21,43,25,00) : 1.0
x(21,44,17,00) : 1.0
x(21,45,25,01) : 0.9999999999999991
x(21,46,07,00) : 1.0
x(21,47,23,00) : 1.0
x(21,48,07,01) : 1.0
x(21,49,23,01) : 1.0
x(21,50,02,00) : 1.0
x(21,51,05,01) : 1.0
x(21,52,20,01) : 1.0
x(21,53,05,00) : 1.0
x(21,54,22,00) : 1.0
x(22,01,21,00) : 1.0
x(22,02,27,00) : 1.0
x(22,03,17,01) : 1.0
x(22,04,19,01) : 1.0
x(22,05,15,00) : 1.0
x(22,06,07,00) : 0.999999999999998
x(22,07,03,01) : 1.0
x(22,08,16,01) : 0.9999999999999996
x(22,09,25,00) : 0.9999999999999994
x(22,10,23,00) : 1.0
x(22,11,05,01) : 1.0
x(22,12,07,01) : 1.0
x(22,13,11,00) : 1.0
x(22,14,16,00) : 1.0
x(22,15,27,01) : 1.0
x(22,16,12,01) : 1.0
x(22,17,03,00) : 1.0
x(22,18,04,00) : 1.0
x(22,19,15,01) : 1.0
x(22,20,20,01) : 1.0
x(22,21,01,00) : 1.0
x(22,22,20,00) : 1.0
x(22,23,13,01) : 1.0
x(22,24,14,01) : 1.0
x(22,25,05,00) : 1.0
x(22,26,28,00) : 1.0
x(22,27,09,01) : 1.0
x(22,28,28,01) : 1.0
x(22,29,17,00) : 1.0
x(22,30,18,00) : 1.0
x(22,31,11,01) : 1.0
x(22,32,04,01) : 1.0
x(22,33,13,00) : 1.0
x(22,34,10,00) : 1.0
x(22,35,25,01) : 1.0
x(22,36,10,01) : 1.0
x(22,37,02,00) : 1.0
x(22,38,12,00) : 1.0
x(22,39,23,01) : 1.0
x(22,40,02,01) : 1.0
x(22,41,09,00) : 1.0
x(22,42,14,00) : 1.0
x(22,43,26,01) : 1.0
x(22,44,18,01) : 1.0
x(22,45,26,00) : 0.9999999999999991
x(22,46,08,01) : 1.0
x(22,47,24,01) : 1.0
x(22,48,08,00) : 1.0
x(22,49,24,00) : 1.0
x(22,50,01,01) : 1.0
x(22,51,06,00) : 1.0
x(22,52,19,00) : 1.0
x(22,53,06,01) : 1.0
x(22,54,21,01) : 1.0
x(23,01,24,01) : 1.0
x(23,02,06,01) : 1.0
x(23,03,04,00) : 1.0
x(23,04,02,00) : 1.0
x(23,05,12,01) : 1.0
x(23,06,20,01) : 1.0
x(23,07,16,00) : 1.0
x(23,08,26,00) : 0.9999999999999996
x(23,09,28,01) : 0.9999999999999991
x(23,10,22,01) : 1.0
x(23,11,28,00) : 1.0
x(23,12,15,00) : 1.0
x(23,13,26,01) : 1.0
x(23,14,03,01) : 1.0
x(23,15,14,00) : 1.0
x(23,16,06,00) : 1.0
x(23,17,14,01) : 1.0
x(23,18,19,01) : 1.0
x(23,19,10,00) : 1.0
x(23,20,11,00) : 1.0
x(23,21,10,01) : 1.0
x(23,22,09,01) : 1.0
x(23,23,19,00) : 1.0
x(23,24,17,00) : 1.0
x(23,25,04,01) : 1.0
x(23,26,13,01) : 1.0
x(23,27,18,00) : 1.0
x(23,28,09,00) : 1.0
x(23,29,02,01) : 1.0
x(23,30,11,01) : 1.0
x(23,31,24,00) : 1.0
x(23,32,13,00) : 0.9999999999999991
x(23,33,18,01) : 1.0
x(23,34,27,01) : 1.0
x(23,35,08,00) : 1.0
x(23,36,27,00) : 1.0
x(23,37,08,01) : 1.0
x(23,38,01,01) : 1.0
x(23,39,22,00) : 1.0
x(23,40,03,00) : 0.9999999999999991
x(23,41,25,01) : 1.0
x(23,42,17,01) : 1.0000000000000004
x(23,43,01,00) : 1.0
x(23,44,25,00) : 1.0
x(23,45,15,01) : 1.0
x(23,46,05,00) : 1.0
x(23,47,21,01) : 1.0
x(23,48,05,01) : 1.0
x(23,49,21,00) : 1.0
x(23,50,20,00) : 1.0
x(23,51,07,01) : 1.0
x(23,52,16,01) : 0.9999999999999982
x(23,53,07,00) : 1.0
x(23,54,12,00) : 0.9999999999999998
x(24,01,23,00) : 1.0
x(24,02,05,00) : 1.0
x(24,03,03,01) : 1.0
x(24,04,01,01) : 1.0
x(24,05,11,00) : 1.0
x(24,06,19,00) : 1.0
x(24,07,15,01) : 1.0
x(24,08,25,01) : 0.9999999999999996
x(24,09,27,00) : 0.9999999999999991
x(24,10,21,00) : 1.0
x(24,11,27,01) : 1.0
x(24,12,16,01) : 1.0
x(24,13,25,00) : 1.0
x(24,14,04,00) : 1.0
x(24,15,13,01) : 1.0
x(24,16,05,01) : 1.0
x(24,17,13,00) : 1.0
x(24,18,20,00) : 1.0
x(24,19,09,01) : 1.0
x(24,20,12,01) : 1.0
x(24,21,09,00) : 1.0
x(24,22,10,00) : 1.0
x(24,23,20,01) : 1.0
x(24,24,18,01) : 1.0
x(24,25,03,00) : 1.0
x(24,26,14,00) : 1.0
x(24,27,17,01) : 1.0
x(24,28,10,01) : 1.0
x(24,29,01,00) : 1.0
x(24,30,12,00) : 1.0
x(24,31,23,01) : 1.0
x(24,32,14,01) : 0.9999999999999991
x(24,33,17,00) : 1.0
x(24,34,28,00) : 1.0
x(24,35,07,01) : 1.0
x(24,36,28,01) : 1.0
x(24,37,07,00) : 1.0
x(24,38,02,00) : 1.0
x(24,39,21,01) : 1.0
x(24,40,04,01) : 0.9999999999999991
x(24,41,26,00) : 1.0
x(24,42,18,00) : 1.0000000000000004
x(24,43,02,01) : 1.0
x(24,44,26,01) : 1.0
x(24,45,16,00) : 1.0
x(24,46,06,01) : 1.0
x(24,47,22,00) : 1.0
x(24,48,06,00) : 1.0
x(24,49,22,01) : 1.0
x(24,50,19,01) : 1.0
x(24,51,08,00) : 1.0
x(24,52,15,00) : 0.9999999999999982
x(24,53,08,01) : 1.0
x(24,54,11,01) : 0.9999999999999998
x(25,01,26,01) : 1.0
x(25,02,14,01) : 1.0
x(25,03,08,00) : 1.0
x(25,04,15,00) : 1.0
x(25,05,02,01) : 1.0
x(25,06,28,01) : 0.9999999999999994
x(25,07,02,00) : 1.0
x(25,08,24,00) : 0.9999999999999996
x(25,09,22,01) : 0.9999999999999994
x(25,10,08,01) : 1.0
x(25,11,26,00) : 1.0
x(25,12,03,00) : 0.9999999999999996
x(25,13,24,01) : 1.0
x(25,14,19,01) : 1.0
x(25,15,04,00) : 1.0
x(25,16,19,00) : 1.0
x(25,17,18,01) : 1.0
x(25,18,15,01) : 0.9999999999999997
x(25,19,28,00) : 1.0
x(25,20,17,00) : 1.0
x(25,21,06,01) : 1.0
x(25,22,11,01) : 1.0
x(25,23,10,00) : 1.0
x(25,24,09,00) : 1.0
x(25,25,10,01) : 1.0
x(25,26,17,01) : 1.0
x(25,27,14,00) : 1.0
x(25,28,13,00) : 1.0
x(25,29,27,01) : 1.0
x(25,30,03,01) : 1.0
x(25,31,18,00) : 1.0
x(25,32,27,00) : 0.9999999999999991
x(25,33,16,01) : 1.0
x(25,34,01,01) : 1.0
x(25,35,22,00) : 1.0
x(25,36,11,00) : 1.0
x(25,37,04,01) : 1.0
x(25,38,13,01) : 0.9999999999999997
x(25,39,01,00) : 1.0
x(25,40,07,01) : 1.0
x(25,41,23,00) : 1.0
x(25,42,07,00) : 1.0
x(25,43,21,01) : 1.0
x(25,44,23,01) : 1.0
x(25,45,21,00) : 0.9999999999999991
x(25,46,20,00) : 1.0
x(25,47,05,01) : 1.0
x(25,48,20,01) : 1.0
x(25,49,05,00) : 1.0
x(25,50,12,00) : 1.0
x(25,51,09,01) : 1.0
x(25,52,12,01) : 1.0
x(25,53,16,00) : 1.0
x(25,54,06,00) : 1.0
x(26,01,25,00) : 1.0
x(26,02,13,00) : 1.0
x(26,03,07,01) : 1.0
x(26,04,16,01) : 1.0
x(26,05,01,00) : 1.0
x(26,06,27,00) : 0.9999999999999994
x(26,07,01,01) : 1.0
x(26,08,23,01) : 0.9999999999999996
x(26,09,21,00) : 0.9999999999999994
x(26,10,07,00) : 1.0
x(26,11,25,01) : 1.0
x(26,12,04,01) : 0.9999999999999996
x(26,13,23,00) : 1.0
x(26,14,20,00) : 1.0
x(26,15,03,01) : 1.0
x(26,16,20,01) : 1.0
x(26,17,17,00) : 1.0
x(26,18,16,00) : 0.9999999999999997
x(26,19,27,01) : 1.0
x(26,20,18,01) : 1.0
x(26,21,05,00) : 1.0
x(26,22,12,00) : 1.0
x(26,23,09,01) : 1.0
x(26,24,10,01) : 1.0
x(26,25,09,00) : 1.0
x(26,26,18,00) : 1.0
x(26,27,13,01) : 1.0
x(26,28,14,01) : 1.0
x(26,29,28,00) : 1.0
x(26,30,04,00) : 1.0
x(26,31,17,01) : 1.0
x(26,32,28,01) : 0.9999999999999991
x(26,33,15,00) : 1.0
x(26,34,02,00) : 1.0
x(26,35,21,01) : 1.0
x(26,36,12,01) : 1.0
x(26,37,03,00) : 1.0
x(26,38,14,00) : 0.9999999999999997
x(26,39,02,01) : 1.0
x(26,40,08,00) : 1.0
x(26,41,24,01) : 1.0
x(26,42,08,01) : 1.0
x(26,43,22,00) : 1.0
x(26,44,24,00) : 1.0
x(26,45,22,01) : 0.9999999999999991
x(26,46,19,01) : 1.0
x(26,47,06,00) : 1.0
x(26,48,19,00) : 1.0
x(26,49,06,01) : 1.0
x(26,50,11,01) : 1.0
x(26,51,10,00) : 1.0
x(26,52,11,00) : 1.0
x(26,53,15,01) : 1.0
x(26,54,05,01) : 1.0
x(27,01,28,01) : 1.0
x(27,02,22,01) : 1.0
x(27,03,16,00) : 1.0
x(27,04,06,00) : 1.0
x(27,05,10,01) : 1.0
x(27,06,26,01) : 0.9999999999999994
x(27,07,14,00) : 1.0
x(27,08,02,00) : 1.0
x(27,09,24,01) : 0.9999999999999991
x(27,10,15,01) : 1.0
x(27,11,24,00) : 1.0
x(27,12,19,00) : 1.0
x(27,13,06,01) : 1.0
x(27,14,17,01) : 1.0000000000000009
x(27,15,22,00) : 1.0
x(27,16,15,00) : 1.0
x(27,17,19,01) : 1.0
x(27,18,09,01) : 1.0
x(27,19,26,00) : 1.0
x(27,20,03,00) : 1.0
x(27,21,08,01) : 1.0
x(27,22,13,01) : 1.0000000000000009
x(27,23,08,00) : 1.0
x(27,24,11,00) : 1.0
x(27,25,12,01) : 1.0
x(27,26,21,00) : 1.0
x(27,27,01,01) : 1.0
x(27,28,21,01) : 1.0
x(27,29,25,00) : 1.0
x(27,30,05,00) : 1.0
x(27,31,03,01) : 1.0000000000000009
x(27,32,25,01) : 0.9999999999999991
x(27,33,01,00) : 1.0
x(27,34,23,00) : 1.0
x(27,35,05,01) : 1.0
x(27,36,23,01) : 1.0
x(27,37,20,00) : 1.0
x(27,38,18,00) : 1.0
x(27,39,11,01) : 1.0
x(27,40,14,01) : 1.0
x(27,41,17,00) : 1.0
x(27,42,04,00) : 1.0
x(27,43,07,01) : 1.0
x(27,44,16,01) : 1.0
x(27,45,09,00) : 1.0
x(27,46,12,00) : 1.0
x(27,47,20,01) : 1.0
x(27,48,02,01) : 0.9999999999999991
x(27,49,07,00) : 1.0
x(27,50,10,00) : 1.0
x(27,51,18,01) : 0.9999999999999996
x(27,52,04,01) : 1.0
x(27,53,13,00) : 1.0
x(27,54,28,00) : 1.0
x(28,01,27,00) : 1.0
x(28,02,21,00) : 1.0
x(28,03,15,01) : 1.0
x(28,04,05,01) : 1.0
x(28,05,09,00) : 1.0
x(28,06,25,00) : 0.9999999999999994
x(28,07,13,01) : 1.0
x(28,08,01,01) : 1.0
x(28,09,23,00) : 0.9999999999999991
x(28,10,16,00) : 1.0
x(28,11,23,01) : 1.0
x(28,12,20,01) : 1.0
x(28,13,05,00) : 1.0
x(28,14,18,00) : 1.0000000000000009
x(28,15,21,01) : 1.0
x(28,16,16,01) : 1.0
x(28,17,20,00) : 1.0
x(28,18,10,00) : 1.0
x(28,19,25,01) : 1.0
x(28,20,04,01) : 1.0
x(28,21,07,00) : 1.0
x(28,22,14,00) : 1.0000000000000009
x(28,23,07,01) : 1.0
x(28,24,12,01) : 1.0
x(28,25,11,00) : 1.0
x(28,26,22,01) : 1.0
x(28,27,02,00) : 1.0
x(28,28,22,00) : 1.0
x(28,29,26,01) : 1.0
x(28,30,06,01) : 1.0
x(28,31,04,00) : 1.0000000000000009
x(28,32,26,00) : 0.9999999999999991
x(28,33,02,01) : 1.0
x(28,34,24,01) : 1.0
x(28,35,06,00) : 1.0
x(28,36,24,00) : 1.0
x(28,37,19,01) : 1.0
x(28,38,17,01) : 1.0
x(28,39,12,00) : 1.0
x(28,40,13,00) : 1.0
x(28,41,18,01) : 1.0
x(28,42,03,01) : 1.0
x(28,43,08,00) : 1.0
x(28,44,15,00) : 1.0
x(28,45,10,01) : 1.0
x(28,46,11,01) : 1.0
x(28,47,19,00) : 1.0
x(28,48,01,00) : 0.9999999999999991
x(28,49,08,01) : 1.0
x(28,50,09,01) : 1.0
x(28,51,17,00) : 0.9999999999999996
x(28,52,03,00) : 1.0
x(28,53,14,01) : 1.0
x(28,54,27,01) : 1.0
z(01,01,01) : 1.0
z(01,03,00) : 1.0
z(01,05,01) : 1.0
z(01,07,00) : 1.0
z(01,09,01) : 1.0
z(01,11,00) : 1.0
z(01,13,01) : 1.0
z(01,15,00) : 1.0
z(01,17,01) : 1.0
z(01,19,00) : 1.0
z(01,21,01) : 1.0
z(01,23,00) : 1.0
z(01,25,01) : 1.0
z(01,27,00) : 1.0
z(01,29,01) : 1.0
z(01,31,00) : 1.0
z(01,35,01) : 1.0
z(01,37,00) : 1.0
z(01,39,01) : 1.0
z(01,41,00) : 1.0
z(01,43,01) : 1.0
z(01,45,00) : 1.0
z(01,47,01) : 0.9999999999999991
z(01,49,00) : 1.0
z(01,51,01) : 1.0
z(01,53,00) : 1.0
z(02,01,00) : 1.0
z(02,03,01) : 1.0
z(02,05,00) : 1.0
z(02,07,01) : 1.0
z(02,09,00) : 1.0
z(02,11,01) : 1.0
z(02,13,00) : 1.0
z(02,15,01) : 1.0
z(02,17,00) : 1.0
z(02,19,01) : 1.0
z(02,21,00) : 1.0
z(02,23,01) : 1.0
z(02,25,00) : 1.0
z(02,27,01) : 1.0
z(02,29,00) : 1.0
z(02,31,01) : 1.0
z(02,35,00) : 1.0
z(02,37,01) : 1.0
z(02,39,00) : 1.0
z(02,41,01) : 1.0
z(02,43,00) : 1.0
z(02,45,01) : 1.0
z(02,47,00) : 0.9999999999999991
z(02,49,01) : 1.0
z(02,51,00) : 1.0
z(02,53,01) : 1.0
z(03,01,01) : 1.0
z(03,04,01) : 1.0
z(03,06,00) : 1.0
z(03,08,01) : 1.0
z(03,10,00) : 1.0
z(03,12,01) : 1.0
z(03,14,00) : 1.0
z(03,16,01) : 1.0
z(03,18,00) : 1.0
z(03,20,01) : 1.0
z(03,22,00) : 1.0
z(03,24,01) : 1.0
z(03,26,00) : 1.0
z(03,28,01) : 1.0
z(03,30,00) : 1.0
z(03,32,01) : 1.0
z(03,34,00) : 1.0
z(03,36,01) : 1.0
z(03,38,00) : 1.0
z(03,40,01) : 1.0
z(03,42,00) : 1.0
z(03,45,00) : 1.0
z(03,47,01) : 1.0
z(03,49,00) : 1.0
z(03,51,01) : 1.0
z(03,53,00) : 1.0
z(04,01,00) : 1.0
z(04,04,00) : 1.0
z(04,06,01) : 1.0
z(04,08,00) : 1.0
z(04,10,01) : 1.0
z(04,12,00) : 1.0
z(04,14,01) : 1.0
z(04,16,00) : 1.0
z(04,18,01) : 1.0
z(04,20,00) : 1.0
z(04,22,01) : 1.0
z(04,24,00) : 1.0
z(04,26,01) : 1.0
z(04,28,00) : 1.0
z(04,30,01) : 1.0
z(04,32,00) : 1.0
z(04,34,01) : 1.0
z(04,36,00) : 1.0
z(04,38,01) : 1.0
z(04,40,00) : 1.0
z(04,42,01) : 1.0
z(04,45,01) : 1.0
z(04,47,00) : 1.0
z(04,49,01) : 1.0
z(04,51,00) : 1.0
z(04,53,01) : 1.0
z(05,01,01) : 1.0
z(05,03,00) : 1.0
z(05,05,01) : 1.0
z(05,07,00) : 1.0
z(05,09,01) : 1.0
z(05,11,00) : 1.0
z(05,13,01) : 1.0
z(05,15,00) : 1.0
z(05,17,01) : 1.0
z(05,19,00) : 0.9999999999999991
z(05,21,01) : 1.0
z(05,23,00) : 1.0
z(05,25,01) : 1.0
z(05,27,00) : 1.0
z(05,29,01) : 1.0
z(05,31,00) : 1.0
z(05,33,01) : 1.0
z(05,35,00) : 1.0
z(05,37,01) : 1.0
z(05,39,00) : 1.0
z(05,41,01) : 1.0
z(05,43,00) : 1.0
z(05,45,01) : 1.0
z(05,47,00) : 1.0
z(05,49,01) : 1.0
z(05,51,00) : 1.0
z(06,01,00) : 1.0
z(06,03,01) : 1.0
z(06,05,00) : 1.0
z(06,07,01) : 1.0
z(06,09,00) : 1.0
z(06,11,01) : 1.0
z(06,13,00) : 1.0
z(06,15,01) : 1.0
z(06,17,00) : 1.0
z(06,19,01) : 0.9999999999999991
z(06,21,00) : 1.0
z(06,23,01) : 1.0
z(06,25,00) : 1.0
z(06,27,01) : 1.0
z(06,29,00) : 1.0
z(06,31,01) : 1.0
z(06,33,00) : 1.0
z(06,35,01) : 1.0
z(06,37,00) : 1.0
z(06,39,01) : 1.0
z(06,41,00) : 1.0
z(06,43,01) : 1.0
z(06,45,00) : 1.0
z(06,47,01) : 1.0
z(06,49,00) : 1.0
z(06,51,01) : 1.0
z(07,01,01) : 1.0
z(07,03,00) : 1.0
z(07,05,01) : 0.999999999999998
z(07,07,00) : 1.0000000000000009
z(07,09,01) : 1.0
z(07,11,00) : 1.0
z(07,13,01) : 1.0
z(07,15,00) : 1.0
z(07,17,01) : 1.0
z(07,19,00) : 1.0
z(07,21,01) : 1.0
z(07,23,00) : 1.0
z(07,25,01) : 1.0
z(07,27,00) : 1.0
z(07,29,01) : 1.0
z(07,31,00) : 1.0
z(07,33,01) : 1.0
z(07,35,00) : 1.0
z(07,37,01) : 1.0
z(07,39,00) : 1.0
z(07,41,01) : 1.0
z(07,43,00) : 1.0
z(07,45,01) : 1.0
z(07,47,00) : 1.0
z(07,50,00) : 1.0
z(07,52,01) : 0.9999999999999978
z(08,01,00) : 1.0
z(08,03,01) : 1.0
z(08,05,00) : 0.999999999999998
z(08,07,01) : 1.0000000000000009
z(08,09,00) : 1.0
z(08,11,01) : 1.0
z(08,13,00) : 1.0
z(08,15,01) : 1.0
z(08,17,00) : 1.0
z(08,19,01) : 1.0
z(08,21,00) : 1.0
z(08,23,01) : 1.0
z(08,25,00) : 1.0
z(08,27,01) : 1.0
z(08,29,00) : 1.0
z(08,31,01) : 1.0
z(08,33,00) : 1.0
z(08,35,01) : 1.0
z(08,37,00) : 1.0
z(08,39,01) : 1.0
z(08,41,00) : 1.0
z(08,43,01) : 1.0
z(08,45,00) : 1.0
z(08,47,01) : 1.0
z(08,50,01) : 1.0
z(08,52,00) : 0.9999999999999978
z(09,01,01) : 1.0
z(09,03,00) : 1.0
z(09,05,01) : 1.0
z(09,07,00) : 1.0
z(09,09,01) : 1.0
z(09,11,00) : 1.0
z(09,13,01) : 1.0
z(09,15,00) : 1.0
z(09,18,00) : 1.0
z(09,20,01) : 1.0
z(09,22,00) : 1.0
z(09,24,01) : 1.0
z(09,26,00) : 1.0
z(09,28,01) : 1.0
z(09,30,00) : 1.0
z(09,32,01) : 1.0
z(09,34,00) : 1.0
z(09,36,01) : 1.0
z(09,38,00) : 1.0
z(09,40,01) : 1.0
z(09,42,00) : 1.0
z(09,44,01) : 1.0
z(09,46,00) : 1.0
z(09,48,01) : 1.0
z(09,50,00) : 1.0
z(09,52,01) : 1.0
z(10,01,00) : 1.0
z(10,03,01) : 1.0
z(10,05,00) : 1.0
z(10,07,01) : 1.0
z(10,09,00) : 1.0
z(10,11,01) : 1.0
z(10,13,00) : 1.0
z(10,15,01) : 1.0
z(10,18,01) : 1.0
z(10,20,00) : 1.0
z(10,22,01) : 1.0
z(10,24,00) : 1.0
z(10,26,01) : 1.0
z(10,28,00) : 1.0
z(10,30,01) : 1.0
z(10,32,00) : 1.0
z(10,34,01) : 1.0
z(10,36,00) : 1.0
z(10,38,01) : 1.0
z(10,40,00) : 1.0
z(10,42,01) : 1.0
z(10,44,00) : 1.0
z(10,46,01) : 1.0
z(10,48,00) : 1.0
z(10,50,01) : 1.0
z(10,52,00) : 1.0
z(11,02,00) : 1.0
z(11,04,01) : 1.0
z(11,06,00) : 0.9999999999999999
z(11,08,01) : 1.0
z(11,10,00) : 1.0
z(11,12,01) : 1.0
z(11,14,00) : 1.0
z(11,16,01) : 1.0
z(11,18,00) : 1.0
z(11,20,01) : 1.0
z(11,22,00) : 1.0
z(11,24,01) : 1.0
z(11,26,00) : 1.0
z(11,28,01) : 1.0
z(11,30,00) : 1.0
z(11,32,01) : 1.0
z(11,34,00) : 1.0
z(11,36,01) : 1.0
z(11,38,00) : 1.0000000000000002
z(11,40,01) : 1.0
z(11,42,00) : 1.0
z(11,44,01) : 1.0
z(11,46,00) : 1.0
z(11,48,01) : 1.0
z(11,50,00) : 1.0
z(11,52,01) : 1.0
z(12,02,01) : 1.0
z(12,04,00) : 1.0
z(12,06,01) : 0.9999999999999999
z(12,08,00) : 1.0
z(12,10,01) : 1.0
z(12,12,00) : 1.0
z(12,14,01) : 1.0
z(12,16,00) : 1.0
z(12,18,01) : 1.0
z(12,20,00) : 1.0
z(12,22,01) : 1.0
z(12,24,00) : 1.0
z(12,26,01) : 1.0
z(12,28,00) : 1.0
z(12,30,01) : 1.0
z(12,32,00) : 1.0
z(12,34,01) : 1.0
z(12,36,00) : 1.0
z(12,38,01) : 1.0000000000000002
z(12,40,00) : 1.0
z(12,42,01) : 1.0
z(12,44,00) : 1.0
z(12,46,01) : 1.0
z(12,48,00) : 1.0
z(12,50,01) : 1.0
z(12,52,00) : 1.0
z(13,01,01) : 1.0
z(13,03,00) : 1.0
z(13,05,01) : 1.0
z(13,07,00) : 1.0
z(13,09,01) : 1.0
z(13,11,00) : 1.0
z(13,14,00) : 1.0
z(13,16,01) : 1.0
z(13,18,00) : 1.0000000000000009
z(13,20,01) : 1.0
z(13,22,00) : 1.0
z(13,24,01) : 1.0
z(13,26,00) : 1.0
z(13,28,01) : 1.0
z(13,30,00) : 1.0000000000000009
z(13,32,01) : 1.0
z(13,34,00) : 1.0
z(13,36,01) : 1.0
z(13,38,00) : 1.0
z(13,40,01) : 1.0
z(13,42,00) : 1.0
z(13,44,01) : 1.0
z(13,46,00) : 1.0
z(13,48,01) : 1.0
z(13,50,00) : 1.0
z(13,52,01) : 1.0
z(14,01,00) : 1.0
z(14,03,01) : 1.0
z(14,05,00) : 1.0
z(14,07,01) : 1.0
z(14,09,00) : 1.0
z(14,11,01) : 1.0
z(14,14,01) : 1.0
z(14,16,00) : 1.0
z(14,18,01) : 1.0000000000000009
z(14,20,00) : 1.0
z(14,22,01) : 1.0
z(14,24,00) : 1.0
z(14,26,01) : 1.0
z(14,28,00) : 1.0
z(14,30,01) : 1.0000000000000009
z(14,32,00) : 1.0
z(14,34,01) : 1.0
z(14,36,00) : 1.0
z(14,38,01) : 1.0
z(14,40,00) : 1.0
z(14,42,01) : 1.0
z(14,44,00) : 1.0
z(14,46,01) : 1.0
z(14,48,00) : 1.0
z(14,50,01) : 1.0
z(14,52,00) : 1.0
z(15,02,00) : 1.0
z(15,04,01) : 1.0
z(15,06,00) : 1.0
z(15,08,01) : 1.0
z(15,10,00) : 1.0
z(15,12,01) : 1.0
z(15,14,00) : 1.0
z(15,16,01) : 1.0
z(15,18,00) : 1.0000000000000004
z(15,20,01) : 1.0
z(15,22,00) : 1.0
z(15,24,01) : 1.0
z(15,26,00) : 1.0
z(15,28,01) : 1.0
z(15,30,00) : 1.0
z(15,32,01) : 1.0
z(15,35,01) : 1.0
z(15,37,00) : 1.0
z(15,39,01) : 1.0
z(15,41,00) : 1.0
z(15,43,01) : 1.0
z(15,45,00) : 1.0
z(15,47,01) : 1.0
z(15,49,00) : 1.0000000000000002
z(15,51,01) : 1.0
z(15,53,00) : 1.0
z(16,02,01) : 1.0
z(16,04,00) : 1.0
z(16,06,01) : 1.0
z(16,08,00) : 1.0
z(16,10,01) : 1.0
z(16,12,00) : 1.0
z(16,14,01) : 1.0
z(16,16,00) : 1.0
z(16,18,01) : 1.0000000000000004
z(16,20,00) : 1.0
z(16,22,01) : 1.0
z(16,24,00) : 1.0
z(16,26,01) : 1.0
z(16,28,00) : 1.0
z(16,30,01) : 1.0
z(16,32,00) : 1.0
z(16,35,00) : 1.0
z(16,37,01) : 1.0
z(16,39,00) : 1.0
z(16,41,01) : 1.0
z(16,43,00) : 1.0
z(16,45,01) : 1.0
z(16,47,00) : 1.0
z(16,49,01) : 1.0000000000000002
z(16,51,00) : 1.0
z(16,53,01) : 1.0
z(17,01,01) : 0.9999999999999999
z(17,03,00) : 1.0
z(17,05,01) : 1.0
z(17,07,00) : 1.0
z(17,10,00) : 1.0
z(17,12,01) : 1.0
z(17,14,00) : 1.0000000000000009
z(17,16,01) : 1.0
z(17,18,00) : 1.0
z(17,20,01) : 1.0
z(17,22,00) : 1.0
z(17,24,01) : 1.0
z(17,26,00) : 1.0
z(17,28,01) : 1.0
z(17,30,00) : 1.0
z(17,32,01) : 1.0
z(17,34,00) : 1.0
z(17,36,01) : 1.0
z(17,38,00) : 1.0
z(17,40,01) : 1.0
z(17,42,00) : 1.0
z(17,44,01) : 1.0
z(17,47,01) : 1.0
z(17,49,00) : 1.0
z(17,51,01) : 1.0
z(17,53,00) : 1.0
z(18,01,00) : 0.9999999999999999
z(18,03,01) : 1.0
z(18,05,00) : 1.0
z(18,07,01) : 1.0
z(18,10,01) : 1.0
z(18,12,00) : 1.0
z(18,14,01) : 1.0000000000000009
z(18,16,00) : 1.0
z(18,18,01) : 1.0
z(18,20,00) : 1.0
z(18,22,01) : 1.0
z(18,24,00) : 1.0
z(18,26,01) : 1.0
z(18,28,00) : 1.0
z(18,30,01) : 1.0
z(18,32,00) : 1.0
z(18,34,01) : 1.0
z(18,36,00) : 1.0
z(18,38,01) : 1.0
z(18,40,00) : 1.0
z(18,42,01) : 1.0
z(18,44,00) : 1.0
z(18,47,00) : 1.0
z(18,49,01) : 1.0
z(18,51,00) : 1.0
z(18,53,01) : 1.0
z(19,01,01) : 1.0
z(19,03,00) : 1.0
z(19,05,01) : 1.0
z(19,09,00) : 1.0
z(19,11,01) : 1.0
z(19,13,00) : 1.0
z(19,15,01) : 1.0
z(19,17,00) : 1.0
z(19,19,01) : 1.0
z(19,21,00) : 1.0
z(19,23,01) : 1.0000000000000002
z(19,25,00) : 0.9999999999999998
z(19,27,01) : 1.0
z(19,29,00) : 1.0
z(19,31,01) : 1.0
z(19,33,00) : 1.0
z(19,35,01) : 1.0
z(19,37,00) : 1.0
z(19,39,01) : 1.0
z(19,41,00) : 1.0
z(19,43,01) : 1.0
z(19,45,00) : 1.0
z(19,47,01) : 1.0
z(19,49,00) : 1.0
z(19,51,01) : 1.0
z(19,53,00) : 1.0
z(20,01,00) : 1.0
z(20,03,01) : 1.0
z(20,05,00) : 1.0
z(20,09,01) : 1.0
z(20,11,00) : 1.0
z(20,13,01) : 1.0
z(20,15,00) : 1.0
z(20,17,01) : 1.0
z(20,19,00) : 1.0
z(20,21,01) : 1.0
z(20,23,00) : 1.0000000000000002
z(20,25,01) : 0.9999999999999998
z(20,27,00) : 1.0
z(20,29,01) : 1.0
z(20,31,00) : 1.0
z(20,33,01) : 1.0
z(20,35,00) : 1.0
z(20,37,01) : 1.0
z(20,39,00) : 1.0
z(20,41,01) : 1.0
z(20,43,00) : 1.0
z(20,45,01) : 1.0
z(20,47,00) : 1.0
z(20,49,01) : 1.0
z(20,51,00) : 1.0
z(20,53,01) : 1.0
z(21,01,01) : 1.0
z(21,03,00) : 1.0
z(21,05,01) : 1.0000000000000004
z(21,07,00) : 1.0
z(21,09,01) : 1.0
z(21,11,00) : 1.0
z(21,13,01) : 1.0
z(21,15,00) : 1.0
z(21,17,01) : 1.0
z(21,19,00) : 1.0
z(21,21,01) : 1.0
z(21,23,00) : 1.0
z(21,25,01) : 1.0
z(21,27,00) : 1.0
z(21,29,01) : 1.0
z(21,31,00) : 1.0
z(21,33,01) : 1.0
z(21,35,00) : 1.0
z(21,37,01) : 1.0
z(21,39,00) : 1.0
z(21,41,01) : 1.0
z(21,43,00) : 1.0
z(21,46,00) : 1.0
z(21,48,01) : 1.0
z(21,51,01) : 1.0
z(21,53,00) : 1.0
z(22,01,00) : 1.0
z(22,03,01) : 1.0
z(22,05,00) : 1.0000000000000004
z(22,07,01) : 1.0
z(22,09,00) : 1.0
z(22,11,01) : 1.0
z(22,13,00) : 1.0
z(22,15,01) : 1.0
z(22,17,00) : 1.0
z(22,19,01) : 1.0
z(22,21,00) : 1.0
z(22,23,01) : 1.0
z(22,25,00) : 1.0
z(22,27,01) : 1.0
z(22,29,00) : 1.0
z(22,31,01) : 1.0
z(22,33,00) : 1.0
z(22,35,01) : 1.0
z(22,37,00) : 1.0
z(22,39,01) : 1.0
z(22,41,00) : 1.0
z(22,43,01) : 1.0
z(22,46,01) : 1.0
z(22,48,00) : 1.0
z(22,51,00) : 1.0
z(22,53,01) : 1.0
z(23,01,01) : 1.0
z(23,03,00) : 1.0
z(23,05,01) : 1.0
z(23,07,00) : 1.0
z(23,09,01) : 1.0
z(23,11,00) : 1.0
z(23,13,01) : 1.0
z(23,15,00) : 1.0
z(23,17,01) : 1.0
z(23,19,00) : 1.0
z(23,21,01) : 1.0
z(23,23,00) : 1.0
z(23,25,01) : 1.0
z(23,27,00) : 1.0
z(23,29,01) : 1.0
z(23,31,00) : 1.0
z(23,33,01) : 1.0
z(23,35,00) : 1.0
z(23,37,01) : 1.0
z(23,39,00) : 0.9999999999999991
z(23,41,01) : 1.0
z(23,43,00) : 1.0
z(23,47,01) : 1.0
z(23,49,00) : 1.0
z(23,51,01) : 0.9999999999999982
z(23,53,00) : 1.0
z(24,01,00) : 1.0
z(24,03,01) : 1.0
z(24,05,00) : 1.0
z(24,07,01) : 1.0
z(24,09,00) : 1.0
z(24,11,01) : 1.0
z(24,13,00) : 1.0
z(24,15,01) : 1.0
z(24,17,00) : 1.0
z(24,19,01) : 1.0
z(24,21,00) : 1.0
z(24,23,01) : 1.0
z(24,25,00) : 1.0
z(24,27,01) : 1.0
z(24,29,00) : 1.0
z(24,31,01) : 1.0
z(24,33,00) : 1.0
z(24,35,01) : 1.0
z(24,37,00) : 1.0
z(24,39,01) : 0.9999999999999991
z(24,41,00) : 1.0
z(24,43,01) : 1.0
z(24,47,00) : 1.0
z(24,49,01) : 1.0
z(24,51,00) : 0.9999999999999982
z(24,53,01) : 1.0
z(25,01,01) : 1.0
z(25,03,00) : 1.0
z(25,05,01) : 1.0
z(25,07,00) : 1.0
z(25,09,01) : 1.0
z(25,11,00) : 1.0
z(25,13,01) : 1.0000000000000004
z(25,15,00) : 1.0
z(25,17,01) : 1.0
z(25,19,00) : 1.0
z(25,21,01) : 1.0
z(25,23,00) : 1.0
z(25,25,01) : 1.0
z(25,27,00) : 1.0
z(25,29,01) : 1.0
z(25,31,00) : 0.9999999999999991
z(25,33,01) : 1.0
z(25,35,00) : 1.0
z(25,37,01) : 1.0
z(25,41,00) : 1.0
z(25,43,01) : 1.0
z(25,45,00) : 1.0
z(25,47,01) : 1.0
z(25,49,00) : 1.0
z(25,51,01) : 1.0
z(25,53,00) : 1.0
z(26,01,00) : 1.0
z(26,03,01) : 1.0
z(26,05,00) : 1.0
z(26,07,01) : 1.0
z(26,09,00) : 1.0
z(26,11,01) : 1.0
z(26,13,00) : 1.0000000000000004
z(26,15,01) : 1.0
z(26,17,00) : 1.0
z(26,19,01) : 1.0
z(26,21,00) : 1.0
z(26,23,01) : 1.0
z(26,25,00) : 1.0
z(26,27,01) : 1.0
z(26,29,00) : 1.0
z(26,31,01) : 0.9999999999999991
z(26,33,00) : 1.0
z(26,35,01) : 1.0
z(26,37,00) : 1.0
z(26,41,01) : 1.0
z(26,43,00) : 1.0
z(26,45,01) : 1.0
z(26,47,00) : 1.0
z(26,49,01) : 1.0
z(26,51,00) : 1.0
z(26,53,01) : 1.0
z(27,01,01) : 1.0
z(27,03,00) : 1.0
z(27,05,01) : 1.0
z(27,07,00) : 1.0000000000000009
z(27,09,01) : 1.0
z(27,11,00) : 1.0
z(27,13,01) : 1.0
z(27,15,00) : 1.0
z(27,17,01) : 1.0
z(27,19,00) : 1.0
z(27,21,01) : 1.0
z(27,23,00) : 1.0
z(27,27,01) : 1.0
z(27,29,00) : 1.0
z(27,31,01) : 1.0
z(27,33,00) : 1.0
z(27,35,01) : 1.0
z(27,37,00) : 1.0
z(27,39,01) : 1.0
z(27,41,00) : 1.0
z(27,43,01) : 1.0
z(27,45,00) : 1.0
z(27,47,01) : 1.0
z(27,49,00) : 1.0
z(27,51,01) : 1.0
z(27,53,00) : 1.0
z(28,01,00) : 1.0
z(28,03,01) : 1.0
z(28,05,00) : 1.0
z(28,07,01) : 1.0000000000000009
z(28,09,00) : 1.0
z(28,11,01) : 1.0
z(28,13,00) : 1.0
z(28,15,01) : 1.0
z(28,17,00) : 1.0
z(28,19,01) : 1.0
z(28,21,00) : 1.0
z(28,23,01) : 1.0
z(28,27,00) : 1.0
z(28,29,01) : 1.0
z(28,31,00) : 1.0
z(28,33,01) : 1.0
z(28,35,00) : 1.0
z(28,37,01) : 1.0
z(28,39,00) : 1.0
z(28,41,01) : 1.0
z(28,43,00) : 1.0
z(28,45,01) : 1.0
z(28,47,00) : 1.0
z(28,49,01) : 1.0
z(28,51,00) : 1.0
z(28,53,01) : 1.0
最適値:728.0
3771923.2904160023秒
  @2  @4  14  24 @26  @6  26  28  @8 @19  16   6 @18 @11  18   3 @12 @17  12  15 @22  @3   4   8 @16 @15  27  11 @24 @13  19  17 @27  25  @9  @5  21  23 @25 @21   7   5 @23 @10  13  10  @7 @28   9  22 @20 @14  20   2
   1   3 @13 @23  25   5 @25 @27   7  20 @15  @5  17  12 @17  @4  11  18 @11 @16  21   4  @3  @7  15  16 @28 @12  23  14 @20 @18  28 @26  10   6 @22 @24  26  22  @8  @6  24   9 @14  @9   8  27 @10 @21  19  13 @19  @1
  @4  @2  24  @9 @14  13  22 @17  @6   9  10 @25  @8  23  26  @1 @22  21  19 @27 @18   1   2  @5 @24   7  12 @20 @10  25  27 @21 @19  16  15 @16 @26   5   8 @23 @15  28   6  @7  17  14 @11 @12  20  18 @13 @28  11   4
   3   1 @23  10  13 @14 @21  18   5 @10  @9  26   7 @24 @25   2  21 @22 @20  28  17  @2  @1   6  23  @8 @11  19   9 @26 @28  22  20 @15 @16  15  25  @6  @7  24  16 @27  @5   8 @18 @13  12  11 @19 @17  14  27 @12  @3
  @6 @24  20  28 @20  @2  10   6  @4 @17  22   2 @28  @8  12  24 @10 @13  14  13 @26 @15  18   3 @22  @9  16  17 @16 @27   8  15 @12 @11  27   1 @18  @3  19   9 @14  @1   4  11 @19 @23  25  23 @25  @7  21   7 @21  26
   5  23 @19 @27  19   1  @9  @5   3  18 @21  @1  27   7 @11 @23   9  14 @13 @14  25  16 @17  @4  21  10 @15 @18  15  28  @7 @16  11  12 @28  @2  17   4 @20 @10  13   2  @3 @12  20  24 @26 @24  26   8 @22  @8  22 @25
  @8 @20  26  14 @18 @22  20   8  @2 @26  12  22  @4  @6  10  17 @16 @11  18   9 @28 @17  28   2 @14  @3  19  15 @19 @15   6  11 @10 @13  24  13 @24  @9   4  25  @1 @25  27   3 @12 @21   1  21 @27   5  23  @5 @23  16
   7  19 @25 @13  17  21 @19  @7   1  25 @11 @21   3   5  @9 @18  15  12 @17 @10  27  18 @27  @1  13   4 @20 @16  20  16  @5 @12   9  14 @23 @14  23  10  @3 @26   2  26 @28  @4  11  22  @2 @22  28  @6 @24   6  24 @15
 @10 @15  12   3 @28 @11   6  19 @14  @3   4  11 @19 @13   8  13  @6  27  24  @7 @24  23  26 @25 @26   5  22 @23  @4  20  16 @20  @8  21   1 @21 @12   7  14  @5 @22  10  15  @2 @27   2  17 @16  @1  28  25 @18 @17  18
   9  16 @11  @4  27  12  @5 @20  13   4  @3 @12  20  14  @7 @14   5 @28 @23   8  23 @24 @25  26  25  @6 @21  24   3 @19 @15  19   7 @22  @2  22  11  @8 @13   6  21  @9 @16   1  28  @1 @18  15   2 @27 @26  17  18 @17
 @12  17  10 @17 @24   9  18 @13 @18  13   8  @9 @22   1   6 @21  @2   7   2 @23 @16  25  16 @27 @28  12   4  @1 @14  23  22  @7  @6   5  19 @25 @10  21  27 @20 @19  20  14  @5  @8  28   3  @4 @15  26  15 @26  @3  24
  11 @18  @9  18  23 @10 @17  14  17 @14  @7  10  21  @2  @5  22   1  @8  @1  24  15 @26 @15  28  27 @11  @3   2  13 @24 @21   8   5  @6 @20  26   9 @22 @28  19  20 @19 @13   6   7 @27  @4   3  16 @25 @16  25   4 @23
 @14 @26   2   8  @4  @3  28  11 @10 @11  19  17 @16   9  24  @9 @24   5   6  @5 @19  27  22 @21  @8  23  26 @25 @12   1  14 @23 @22   7  18  @7 @15  25  10 @28  @6  21  12 @20  @1   4  15 @18 @17  16   3  @2 @27  20
  13  25  @1  @7   3   4 @27 @12   9  12 @20 @18  15 @10 @23  10  23  @6  @5   6  20 @28 @21  22   7 @24 @25  26  11  @2 @13  24  21  @8 @17   8  16 @26  @9  27   5 @22 @11  19   2  @3 @16  17  18 @15  @4   1  28 @19
 @16   9  28 @25 @22  17  24 @21 @19  27   2 @23 @14  21  19 @27  @8  25  22  @1 @12   5  12 @20  @2   1   6  @7  @6   7  10  @5 @26   4  @3  @4  13  20 @17 @18   3  16  @9 @28  23  18 @13 @10  11  14 @11 @24  26   8
  15 @10 @27  26  21 @18 @23  22  20 @28  @1  24  13 @22 @20  28   7 @26 @21   2  11  @6 @11  19   1  @2  @5   8   5  @8  @9   6  25  @3   4   3 @14 @19  18  17  @4 @15  10  27 @24 @17  14   9 @12 @13  12  23 @25  @7
 @18 @11  22  11  @8 @15  12   3 @12   5  18 @13  @2  27   2  @7 @26   1   8 @25  @4   7   6 @23 @19  25  24  @5 @22  21  26  @1 @24  20  14 @20  @6  28  15 @16 @27  23  19 @21  @3  16  @9 @14  13   4 @28 @10   9  10
  17  12 @21 @12   7  16 @11  @4  11  @6 @17  14   1 @28  @1   8  25  @2  @7  26   3  @8  @5  24  20 @26 @23   6  21 @22 @25   2  23 @19 @13  19   5 @27 @16  15  28 @24 @20  22   4 @15  10  13 @14  @3  27   9 @10  @9
 @20  @8   6  22  @6 @24   8  @9  15   1 @13 @27   9  25 @15 @25  27  23  @3 @21  13  21 @23 @16  17  20  @7  @4   7  10  @1 @10   3  18 @11 @18  28  16  @5 @12  11  12 @17 @14   5  26 @28 @26   4  24  @2 @22   2  14
  19   7  @5 @21   5  23  @7  10 @16  @2  14  28 @10 @26  16  26 @28 @24   4  22 @14 @22  24  15 @18 @19   8   3  @8  @9   2   9  @4 @17  12  17 @27 @15   6  11 @12 @11  18  13  @6 @25  27  25  @3 @23   1  21  @1 @13
 @22 @28  18  20 @16  @8   4  15 @26 @24   6   8 @12 @15  28  11  @4  @3  16  19  @2 @19  14  13  @6 @27  10  27 @18 @17  12   3 @14  @9  26   9  @1 @11  24   1 @10 @13  25  17 @25   7  23  @7 @23   2  @5 @20   5  22
  21  27 @17 @19  15   7  @3 @16  25  23  @5  @7  11  16 @27 @12   3   4 @15 @20   1  20 @13 @14   5  28  @9 @28  17  18 @11  @4  13  10 @25 @10   2  12 @23  @2   9  14 @26 @18  26  @8 @24   8  24  @1   6  19  @6 @21
 @24  @6   4   2 @12 @20  16  26 @28 @22  28  15 @26  @3  14   6 @14 @19  10  11 @10  @9  19  17  @4 @13  18   9  @2 @11  24  13 @18 @27   8  27  @8  @1  22   3 @25 @17   1  25 @15   5 @21  @5  21  20  @7 @16   7  12
  23   5  @3  @1  11  19 @15 @25  27  21 @27 @16  25   4 @13  @5  13  20  @9 @12   9  10 @20 @18   3  14 @17 @10   1  12 @23 @14  17  28  @7 @28   7   2 @21  @4  26  18  @2 @26  16  @6  22   6 @22 @19   8  15  @8 @11
 @26 @14   8  15  @2 @28   2  24 @22  @8  26   3 @24 @19   4  19 @18 @15  28  17  @6 @11  10   9 @10 @17  14  13 @27  @3  18  27 @16  @1  22  11  @4 @13   1  @7  23   7 @21 @23  21  20  @5 @20   5  12  @9 @12  16   6
  25  13  @7 @16   1  27  @1 @23  21   7 @25  @4  23  20  @3 @20  17  16 @27 @18   5  12  @9 @10   9  18 @13 @14  28   4 @17 @28  15   2 @21 @12   3  14  @2   8 @24  @8  22  24 @22 @19   6  19  @6 @11  10  11 @15  @5
 @28 @22  16   6 @10 @26  14   2 @24 @15  24  19  @6 @17  22  15 @19  @9  26   3  @8 @13   8  11 @12  21  @1 @21  25   5  @3 @25   1  23  @5 @23  20  18 @11 @14  17   4  @7 @16   9  12 @20  @2   7  10 @18  @4  13  28
  27  21 @15  @5   9  25 @13  @1  23  16 @23 @20   5  18 @21 @16  20  10 @25  @4   7  14  @7 @12  11 @22   2  22 @26  @6   4  26  @2 @24   6  24 @19 @17  12  13 @18  @3   8  15 @10 @11  19   1  @8  @9  17   3 @14 @27
だめでした
