x(01,01,02,01) : 1.0
x(01,02,04,00) : 1.0
x(01,03,03,01) : 1.0
x(01,04,04,01) : 1.0
x(01,05,03,00) : 1.0
x(01,06,02,00) : 1.0
x(02,01,01,00) : 1.0
x(02,02,03,01) : 1.0
x(02,03,04,00) : 1.0
x(02,04,03,00) : 1.0
x(02,05,04,01) : 1.0
x(02,06,01,01) : 1.0
x(03,01,04,01) : 1.0
x(03,02,02,00) : 1.0
x(03,03,01,00) : 1.0
x(03,04,02,01) : 1.0
x(03,05,01,01) : 1.0
x(03,06,04,00) : 1.0
x(04,01,03,00) : 1.0
x(04,02,01,01) : 1.0
x(04,03,02,01) : 1.0
x(04,04,01,00) : 1.0
x(04,05,02,00) : 1.0
x(04,06,03,01) : 1.0
z(01,03,01) : 1.0
z(01,05,00) : 1.0
z(02,03,00) : 1.0
z(02,05,01) : 1.0
z(03,02,00) : 1.0
z(03,04,01) : 1.0
z(04,02,01) : 1.0
z(04,04,00) : 1.0
最適値:8.0
